100
12343707974015
12346383545940
12344139243840
12345276444298
12346454862064
12346032633763
12347645310900
12346258074401
12345501442923
12346656197485
12345554484574
12346492618352
12344346796598
12346396388593
12346390125214
12344228445917
12346274803282
12343631794819
12345832981874
12343865710236
12347777553964
12344124776512
12347164860827
12346648787014
12347705588500
12345832046888
12346240501004
12344327751739
12347755419443
12344783868585
92346096794822
12345784492240
12347635996955
12344557137427
12347529518951
12346264474136
12347058353603
12347348444968
12346843647302
12346880895291
12344030773922
12344571747010
12345547128760
12344846152950
12345289234368
12346258352739
12347690664928
12343737652767
12346358729971
12343549778271
12346219429064
12346309899069
12344143137213
12345557905008
12345132301200
12346169824478
12345711050678
12343546417338
12344818674982
12347787568886
12344798868336
12347384052217
12345745676243
12346755964056
12346262288426
12345448810328
12345194053326
12347641740794
12347118354061
12344211315745
12346696251219
12347617710413
12347399128816
12346564478744
12344637478480
12344861978301
12344996446617
12346649242173
12345068213481
12347823759001
12346667602874
12345608741327
12346307273187
12345131838852
12347635228748
12345760673169
12345622762095
12347667378191
12343628189272
12346910019507
12347628562211
12344895640021
12344320203193
12345547853571
12343825219211
12347051074032
12345317762664
12347635338598
12346866429960
12344609731859
