100
100000000000000
99999980000001
99999960000004
99999940000009
99999920000016
99999900000025
99999880000036
99999860000049
99999840000064
99999820000081
99999800000100
99999780000121
99999760000144
99999740000169
99999720000196
99999700000225
99999680000256
99999660000289
99999640000324
99999620000361
99999600000400
99999580000441
99999560000484
99999540000529
99999520000576
99999500000625
99999480000676
99999460000729
99999440000784
99999420000841
99999400000900
99999380000961
99999360001024
99999340001089
99999320001156
99999300001225
99999280001296
99999260001369
99999240001444
99999220001521
99999200001600
99999180001681
99999160001764
99999140001849
99999120001936
99999100002025
99999080002116
99999060002209
99999040002304
99999020002401
99999000002500
99998980002601
99998960002704
99998940002809
99998920002916
99998900003025
99998880003136
99998860003249
99998840003364
99998820003481
99998800003600
99998780003721
99998760003844
99998740003969
99998720004096
99998700004225
99998680004356
99998660004489
99998640004624
99998620004761
99998600004900
99998580005041
99998560005184
99998540005329
99998520005476
99998500005625
99998480005776
99998460005929
99998440006084
99998420006241
99998400006400
99998380006561
99998360006724
99998340006889
99998320007056
99998300007225
99998280007396
99998260007569
99998240007744
99998220007921
99998200008100
99998180008281
99998160008464
99998140008649
99998120008836
99998100009025
99998080009216
99998060009409
99998040009604
99998020009801
