100
761132700001
334609300001
85771600001
639731200001
515520500001
202357800001
465155400001
506395900001
194212700001
20074600001
457043700001
744319200001
938289100001
302132800001
355178600001
289627400001
407839500001
811271700001
368792400001
369743200001
466825300001
552996100001
838899000001
40220300001
984792100001
505038900001
927595000001
131823900001
152562400001
245031600001
296893700001
165330400001
579640900001
382665300001
56696800001
346796700001
836658400001
521852200001
853192600001
30871100001
541926900001
561871500001
775190300001
731851200001
864004300001
382004200001
21478600001
271843900001
193275900001
641906200001
893222300001
911736400001
194902400001
732121300001
203591900001
431329700001
488795500001
131186900001
563153600001
892993100001
627853700001
860047300001
309958700001
207494700001
494347900001
366655600001
805926600001
331006300001
888507800001
910754400001
613512600001
682069900001
472625900001
640338100001
413921200001
336630300001
22342300001
687035000001
860109400001
467253400001
328941300001
753331700001
378989800001
775478900001
737088200001
834217000001
206808600001
477518900001
965403900001
21597400001
370512100001
593257700001
881644800001
680470800001
52387600001
627627900001
47126400001
109949400001
210269400001
187269500001
