100
300000000077
300000000101
300000000109
300000000119
300000000121
300000000149
300000000211
300000000227
300000000259
300000000301
300000000337
300000000343
300000000359
300000000379
300000000383
300000000401
300000000479
300000000497
300000000539
300000000571
300000000589
300000000631
300000000653
300000000673
300000000679
300000000689
300000000731
300000000763
300000000767
300000000779
300000000791
300000000799
300000000829
300000000871
300000000917
300000000941
300000001013
300000001033
300000001043
300000001123
300000001127
300000001129
300000001163
300000001211
300000001237
300000001261
300000001277
300000001289
300000001333
300000001339
300000001361
300000001393
300000001447
300000001451
300000001463
300000001481
300000001489
300000001523
300000001547
300000001577
300000001597
300000001607
300000001619
300000001621
300000001739
300000001753
300000001757
300000001771
300000001811
300000001813
300000001817
300000001901
300000001907
300000001909
300000001919
300000001943
300000001993
300000002009
300000002021
300000002063
300000002161
300000002171
300000002177
300000002189
300000002213
300000002231
300000002417
300000002429
300000002453
300000002479
300000002483
300000002501
300000002513
300000002521
300000002531
300000002563
300000002591
300000002639
300000002657
300000002669
