100
1000000000000
999998000001
999996000004
999994000009
999992000016
999990000025
999988000036
999986000049
999984000064
999982000081
999980000100
999978000121
999976000144
999974000169
999972000196
999970000225
999968000256
999966000289
999964000324
999962000361
999960000400
999958000441
999956000484
999954000529
999952000576
999950000625
999948000676
999946000729
999944000784
999942000841
999940000900
999938000961
999936001024
999934001089
999932001156
999930001225
999928001296
999926001369
999924001444
999922001521
999920001600
999918001681
999916001764
999914001849
999912001936
999910002025
999908002116
999906002209
999904002304
999902002401
999900002500
999898002601
999896002704
999894002809
999892002916
999890003025
999888003136
999886003249
999884003364
999882003481
999880003600
999878003721
999876003844
999874003969
999872004096
999870004225
999868004356
999866004489
999864004624
999862004761
999860004900
999858005041
999856005184
999854005329
999852005476
999850005625
999848005776
999846005929
999844006084
999842006241
999840006400
999838006561
999836006724
999834006889
999832007056
999830007225
999828007396
999826007569
999824007744
999822007921
999820008100
999818008281
999816008464
999814008649
999812008836
999810009025
999808009216
999806009409
999804009604
999802009801
