62 594 87
59 487
59 487
59 487
59 487
59 487
59 487
59 487
59 487
59 487
59 487
59 487
59 487
59 487
59 487
59 487
59 487
59 487
59 487
59 487
59 487
59 487
59 487
59 487
59 487
59 487
59 487
59 487
59 487
59 487
59 487
59 487
59 487
59 487
59 487
59 487
59 487
59 487
59 487
59 487
59 487
59 487
59 487
59 487
59 487
59 487
59 487
59 487
59 487
59 487
59 487
59 487
59 487
59 487
59 487
59 487
59 487
59 487
59 487
59 487
59 487
59 487
59 487
