864 401
29711 19670 6991 22628 20182 11488 12113 28738 15058 16484 6041 21294 12804 8499 12101 13855 657 23973 8412 22735 28512 26334 11140 1565 16099 13392 18550 29615 11317 16513 17584 17627 28262 17167 8937 13512 18963 19441 22986 11216 24889 9215 16987 17449 13642 5813 19132 453 3969 2356 16661 16758 17267 649 19151 9046 32744 2354 23557 29798 8680 31198 17205 23413 15897 15221 7484 19780 21576 29784 17793 3047 24901 9450 5744 13678 17140 19279 3626 9669 8865 29812 11130 12249 22932 24143 5900 29180 997 3944 27865 18827 13714 1944 14822 10702 1487 28176 558 23071 25757 24734 25308 24399 28318 18476 9406 5189 13096 22154 21239 13800 8344 4461 10740 26176 2793 3767 29345 27351 133 17912 7644 10854 24922 6965 13354 11693 27697 1769 28072 10147 13883 32586 1605 18639 16621 1741 8751 25078 8718 1004 22155 6646 29199 17959 10857 15090 29850 23625 9207 23215 12141 8172 13812 25150 25449 6719 8552 14556 7142 9735 8083 5654 18506 29412 26659 16177 5082 19926 26538 13256 28624 21247 14926 3511 941 27819 16067 6200 30672 17293 21878 25164 20040 1099 8203 20573 15847 7742 21770 28961 17303 24435 31701 6593 24049 4597 9438 3387 9996 32334 29206 13061 16531 30539 937 8435 17947 21248 7400 31834 14771 29964 5510 30326 7868 19998 27400 26633 14075 29880 1655 20549 5612 15155 2648 15084 32345 26372 15582 20918 15916 27965 25181 7411 31874 22615 7170 14193 11776 15150 7874 31136 9066 21837 22160 24564 26225 19564 18899 12427 22733 7991 20759 9232 18828 13649 30466 5599 29866 12441 5258 32617 8417 25516 32102 17114 20418 4523 20674 2298 13317 23358 16951 13905 25118 31960 28410 15247 28433 16957 4948 17707 29062 21314 13394 3657 6432 15828 4541 23265 20491 24892 29772 23838 6868 7841 11289 2564 10878 29391 21330 8534 21714 23863 10545 27831 26358 14390 6446 31247 1601 26266 17011 21808 4942 31330 5008 1210 17231 14533 20080 20027 25508 8054 2187 1435 31661 20263 31582 27576 16604 32588 14616 24653 4366 24353 6551 27416 26395 2030 29586 24636 32171 25737 30232 9188 5196 12829 13881 20777 2754 32299 17667 18486 18078 17870 25008 26537 5907 6723 7197 30013 2820 28328 31614 31142 28001 29444 32081 5053 23476 8328 144 1757 10999 23317 28971 2189 3753 19454 18357 4447 13857 23054 12637 13592 21537 25293 29729 17936 17582 6399 25406 18396 17695 11374 30699 29995 29301 7913 25158 23790 490 27277 9871 23228 26573 23875 6804 28276 24716 19850 22380 14116 4115 3191 29544 5417 11092 14585 6215 14232 24615 22626 18857 6365 28501 22563 28615 11938 11503 23767 31328 20723 23269 644 12279 7327 4563 29213 32059 21729 11294 28747 22727 2111 26432 18796 3851 31923 12128 16093 2698 9993 18726 22900 27719 12680 19917 17745 2169 21972 11642 6871 7046 3603 11212 14581 19247 24911 2740 5290 18440 20251 22407 8648 9004 7802 3665 14584 11310 5116 1901 7934 27475 21290 25426 4414 3070 28452 26800 31615 19307 28297 2236 15088 16288 18071 32199 4712 2721 4500 14358 13298 19940 1132 3310 905 29188 26523 23534 30496 5817 5965 7842 14310 16136 20164 5716 26823 3511 17147 3109 13878 9732 20617 22365 4906 1175 16583 7680 18278 25780 27189 930 13054 1461 12314 14971 27415 25784 9579 10942 5102 16021 22254 9255 7196 28179 159 19923 15640 31323 12883 18517 25853 27052 10139 13830 28045 11345 22251 7580 17526 13264 31740 23295 26837 2661 8558 4696 25081 32430 28082 22890 4969 14248 14119 2853 4648 17626 9091 31096 24375 32464 22133 29032 11100 19403 29577 17759 2082 7351 30539 20934 10785 13917 11183 12245 8319 6874 15280 2730 9655 10064 10808 19097 28057 14811 12352 2756 5267 29639 17976 3307 5166 27648 23721 8069 24795 26057 2073 10767 5360 24497 9263 21412 19694 3779 12823 30670 6405 6654 30248 23964 10202 10757 6340 25844 3719 8471 20096 7723 20963 3904 19333 32723 5381 14033 1591 11988 4355 13583 3348 3263 14847 9000 29662 94 13669 17259 7164 11408 1390 3767 23582 2387 3561 13876 19232 4899 22074 27970 12849 1155 11427 4015 27188 19929 3778 30765 10342 16254 31579 6915 32321 6678 4440 14594 4257 31005 8206 16059 18982 19395 3266 9199 3289 20474 12652 24391 10002 17357 6330 16965 3993 16627 15192 20859 11531 30372 8815 27899 11391 13739 4972 23822 11114 701 10498 5929 14528 8969 32114 20252 29020 22288 18954 10381 15266 14263 8171 7333 26211 27034 7696 26633 12032 6820 18572 5388 29395 32221 25875 30243 4042 14722 188 9369 14421 31579 773 22403 16003 10057 29208 9975 6760 21535 19533 3961 12225 2738 6895 18870 5851 31540 8771 19061 27824 7357 21190 32458 28243 27435 24503 6284 25487 14124 7893 32522 7371 15513 5482 14330 2097 29446 22152 23730 8720 19607 5779 28571 17534 22293 6143 9698 6721 29504 21851 31088 14576 5735 3215 5917 9813 18999 3938 32032 19734 24273 32063 24010 9364 799 19000 6773 4116 14183 14155 27319 14621 20000 8164 987 26912 28421 16548 21649 9823 20585 23393 10468 6151 6858 23662 19053 30111 10920 25884 28870 1446 9367 24448 5698 28536 3988 32631 1243 25714 27029 21736 12140 25686 27236 21321 11041 8433 26796 29285 23851 17659 
1 540
1 126
2 459
1 219
2 621
1 713
2 98
2 479
1 112
1 628
2 551
2 773
1 585
2 823
1 522
1 734
1 436
1 125
2 366
1 143
1 190
2 293
2 397
1 592
1 586
2 578
1 657
2 656
2 845
2 475
2 699
1 368
2 626
1 76
2 704
2 451
1 246
2 771
1 615
2 629
1 653
1 516
1 77
2 352
2 604
2 389
2 577
1 632
2 572
1 146
1 808
1 1
1 158
2 331
2 570
2 628
1 1
2 577
1 387
2 157
1 350
2 221
2 579
1 512
1 253
1 249
2 238
2 143
2 668
2 356
2 493
1 789
1 431
1 514
1 252
1 79
2 91
1 618
2 681
2 430
2 826
1 231
2 91
2 535
1 186
1 504
2 105
1 226
2 670
2 399
1 222
1 94
1 28
1 373
1 348
1 843
1 317
1 5
2 630
2 799
1 96
1 429
1 341
2 802
2 823
1 784
2 596
2 337
1 200
2 743
2 323
2 511
2 589
1 219
2 199
2 463
1 372
2 652
2 825
2 572
2 192
1 621
1 163
2 658
1 711
2 454
2 774
1 562
1 498
1 592
1 759
2 625
1 704
2 509
2 669
1 409
1 516
2 526
2 725
1 7
2 450
1 762
2 622
1 427
1 85
2 846
1 493
1 812
2 108
1 519
1 202
1 97
1 264
1 122
1 177
1 89
1 480
1 205
1 802
1 372
2 701
2 699
2 401
2 327
2 574
1 20
2 231
2 252
2 150
1 762
1 223
1 527
1 457
2 709
2 202
1 627
1 562
1 480
1 300
1 235
2 288
2 10
2 124
1 657
2 149
2 342
2 328
1 243
1 293
1 811
2 463
2 401
2 797
1 581
1 293
1 640
2 281
1 754
2 530
2 138
1 77
2 822
1 371
2 587
1 477
2 647
1 312
2 597
2 453
2 594
2 836
2 750
1 306
2 660
1 720
2 13
2 743
2 97
1 648
1 352
2 25
1 289
2 429
1 489
2 626
2 718
1 145
2 604
2 498
1 600
2 383
2 643
2 9
1 1
1 816
2 826
2 127
2 609
1 374
1 851
1 141
1 418
2 437
1 83
1 385
2 517
2 421
1 756
2 382
1 828
2 210
1 545
1 569
1 750
2 668
2 701
2 61
2 567
2 695
1 92
1 8
1 485
1 300
2 711
2 427
1 91
1 182
1 797
2 654
2 593
2 710
2 13
2 778
1 627
1 320
2 317
2 589
2 318
2 91
1 646
1 826
1 550
1 773
1 53
2 134
1 82
2 189
1 203
2 605
2 478
2 791
1 606
2 282
1 761
1 27
1 55
2 50
1 453
2 646
1 210
1 746
2 697
2 7
2 193
2 828
1 322
2 612
2 777
2 279
2 765
2 819
1 739
2 476
1 639
1 609
2 604
1 353
1 462
2 622
1 598
1 402
2 837
1 303
2 484
2 299
2 820
2 11
1 210
2 351
1 285
2 159
2 411
1 660
1 856
1 250
1 145
2 580
1 304
1 737
2 153
2 510
1 740
2 76
2 268
2 163
1 39
1 678
1 631
1 361
2 705
1 113
1 187
2 220
2 203
1 673
2 302
2 536
2 23
2 60
2 88
1 848
1 677
1 769
1 247
2 74
1 367
1 61
1 252
2 353
1 478
1 23
2 428
1 514
2 83
2 550
1 351
1 79
1 191
1 53
2 196
1 63
1 331
2 358
1 700
1 731
2 753
2 44
2 858
1 835
2 352
1 623
1 233
2 359
2 29
1 364
2 262
1 110
1 93
1 690
2 66
2 435
