1000 1000
5726 1238 30119 9460 11902 13692 14306 9216 6499 4341 21566 14546 14970 14152 19388 32055 11757 22346 18410 4696 30418 29702 23219 12604 23970 6498 28795 9358 4844 17408 10348 4001 27210 99 1802 9905 16789 1363 14094 15468 26709 19842 19569 18608 7035 29807 15815 19607 26963 23179 1998 14257 4532 21659 12103 12944 13946 27229 5380 29322 28725 26734 20547 31418 6947 18795 826 28232 28764 14934 24051 22506 16205 15932 17242 2731 23399 13589 17557 32748 4632 18924 26259 22184 15611 3136 26088 22524 17484 14505 27864 9446 9630 29887 28593 29005 21200 567 9055 28737 32061 11599 16954 21893 8499 31341 4898 4170 26023 22274 26318 9022 9254 20917 32609 15813 11535 7614 5694 31366 7168 25999 29726 26410 20622 12474 20320 14688 24377 24847 25760 21797 3742 2820 32138 2114 13551 11611 23024 7958 2465 3070 12059 13973 16228 12846 12639 28561 31320 24540 23538 26425 30334 26199 27391 6367 29293 14376 15349 3326 12870 12346 2085 31099 12009 21567 11660 14123 17769 5710 31213 12438 31422 22993 11300 11770 10170 16286 8118 8851 8511 32100 22188 24346 12462 17481 21922 19852 28834 31441 1563 6700 25055 19970 4887 28107 19589 24006 29672 7495 16778 2192 6465 29266 20582 6722 28816 29044 17680 25167 12685 16723 554 29980 10771 5939 19320 7341 31792 19641 5271 15485 632 756 10220 11437 20126 30366 14810 20577 30277 27038 15416 27496 8723 17874 1538 31515 4871 23820 9038 5767 4621 27226 24962 6606 32208 14475 27589 8394 27344 4590 2995 5364 2484 23901 25173 21124 18401 3194 11600 10458 24139 16185 27740 14877 17035 16543 31480 32290 11827 16585 29277 27791 12382 28719 26544 4672 32139 24618 23163 5609 29099 19636 26462 28669 30840 13167 4866 22991 20489 23530 16719 14328 22947 13599 11487 1016 27859 11328 29362 31008 24761 24755 1571 2223 16295 22875 8474 22843 22763 7961 1156 21842 9448 24722 7424 3426 12140 819 24539 28886 31805 17779 29759 8834 6645 22104 31911 27713 22288 1597 5270 5596 19780 29906 22153 9006 14097 24676 32298 15750 17304 31327 31430 19533 23728 25873 1537 233 4919 16048 4809 23008 9638 23967 10376 24897 21736 8685 32414 10816 31597 31 27662 21024 6778 10543 32631 2134 20931 29652 21319 25067 30011 27396 29227 31778 13611 9655 24522 12891 3201 19439 6578 27447 26987 27893 9362 16637 17445 2789 31147 2364 6160 32620 26753 32690 29443 7633 16598 6253 3813 13874 22744 15664 10620 24081 17306 31256 3712 8719 19393 23935 2036 1270 1664 3873 10422 28669 4806 25213 9556 30792 22709 26751 12065 7599 23895 17499 1416 26304 32396 18364 12705 32263 11079 6686 8194 13453 27642 28536 3288 3486 20303 4639 30262 14287 3865 17383 2220 5952 394 14987 14876 17695 10918 15183 1737 10349 503 6627 1201 3077 16515 7819 16669 21978 19195 6013 7286 17280 3125 6538 6234 20462 21468 13313 19439 9858 3431 7121 29303 18245 25415 4589 18469 16497 8805 2293 10543 8496 29131 19986 10021 2471 12961 14626 2177 31795 7260 10261 26239 21490 26930 18838 23855 1158 9937 31470 456 1813 32592 15654 4927 6292 3686 1388 6424 11590 5850 27833 25725 15743 11322 688 10125 20398 9424 18376 5878 25498 26578 4781 18886 8940 27609 25828 19326 31470 31124 29358 5224 914 1726 25136 23595 22454 15693 1488 31389 17062 749 5602 19160 26339 5292 11652 17552 16931 2807 3782 16292 12952 22981 29199 5618 24949 8466 25788 6000 13999 24975 31497 1145 14848 27032 22837 612 1330 3686 22497 15963 11162 1414 18362 12906 15075 29321 6231 16599 14605 31998 26212 6578 17332 669 13569 7852 13462 14789 22117 14637 28496 22569 18375 22176 15464 4550 1150 32530 21904 1048 5223 14843 1833 24973 22919 13659 2823 28986 24817 25353 116 14028 15082 72 9591 22210 7756 15260 13654 2778 23336 27868 4185 15049 24751 4999 4305 3375 23123 3931 12633 1226 10281 18212 26716 32234 13970 12755 23767 8229 31002 30159 22624 6219 3232 4752 6760 11933 17592 18537 28861 3385 10317 12965 14674 19161 8587 18390 12611 3517 25851 13418 13588 23270 21488 17279 22074 25989 24099 18937 27100 29363 9882 18385 29914 9570 28622 13231 6415 18068 4876 9404 26579 24011 1820 20145 15812 11712 14881 1077 3015 26967 17088 13157 12617 13523 11396 4276 19403 18246 25473 25589 8093 16460 824 11190 32233 1529 3259 2768 19444 16144 18450 13372 4001 15734 21724 18728 9527 27878 11833 23882 611 6629 9704 5493 10881 9465 6829 5226 14359 30230 28150 10736 8098 17497 31933 30759 3990 1529 8112 793 4512 7290 30352 24210 20782 4387 727 28210 11057 30131 21917 27584 27425 15696 21692 10177 22850 8640 23347 14409 32295 26843 14536 2578 16244 7744 21746 1995 14824 5448 30965 19378 31898 18232 1359 3941 2434 25019 5715 19957 16188 6543 23572 19517 4105 5502 10628 31602 10775 1424 32477 27131 29954 14975 4928 13954 2202 20843 8604 14667 231 18383 31954 22468 21354 2996 12055 13918 2470 23588 10393 15516 1247 3554 16741 8041 12066 2136 4744 26031 15749 3793 27252 6949 26544 10728 24742 9577 14492 17728 19590 28494 23707 21878 9103 24183 4249 6740 687 18213 5793 20808 26353 21069 21411 27668 22873 2542 31348 8134 4623 32673 26646 24555 22209 16754 5434 6656 6210 4334 16643 17705 4983 4221 14605 6694 31091 23282 25262 1922 25313 14689 27003 13837 4770 27440 14094 12685 19384 13425 6151 2481 15971 9839 12881 32582 20617 22151 12455 4525 17755 30522 18262 141 2102 1920 30276 5573 7879 3166 11313 19365 1651 2234 12093 9053 246 10095 28330 16309 5194 19357 8676 6143 16842 31554 22718 22346 14487 22543 24831 15321 1851 6772 9501 2772 4236 17150 26696 27708 18387 30178 938 17188 30766 13530 2286 22047 6963 27439 28159 23541 726 23 9746 16538 23181 25410 19430 13920 17330 18352 16714 26475 4392 197 26593 23397 26177 13727 22306 25972 15583 24231 13218 11881 5850 16742 2966 12091 24226 24219 23699 12211 15142 1674 9881 7528 23284 1942 12368 20206 31393 11026 24721 
2 859
2 776
1 917
1 473
1 91
2 9
2 439
2 445
1 691
1 617
1 568
1 530
2 566
2 196
1 893
1 860
2 852
2 141
1 256
2 957
2 119
2 245
1 268
2 196
1 902
2 654
2 405
2 836
1 333
1 355
1 86
1 601
2 90
2 549
2 961
2 519
2 298
2 408
1 275
1 155
1 522
1 331
2 789
1 335
1 471
1 364
1 196
2 810
2 183
2 946
2 1
2 542
2 309
1 289
2 970
2 416
1 569
2 713
2 823
2 259
2 757
1 519
1 414
1 582
2 321
1 819
2 152
2 338
2 488
1 224
1 298
1 5
2 945
2 712
2 885
2 73
1 87
2 733
1 974
1 637
2 817
2 200
2 622
1 915
2 291
1 630
2 707
1 641
2 139
1 14
1 853
2 329
2 708
2 389
2 306
1 392
2 639
1 434
1 659
1 746
2 525
2 930
2 916
2 204
2 295
2 853
2 808
1 809
1 990
2 487
2 115
1 726
2 571
2 408
1 246
1 158
2 120
1 397
1 79
2 271
2 140
2 540
1 334
2 995
2 187
1 804
1 841
2 912
1 52
2 859
1 568
1 480
2 890
1 845
2 154
2 577
1 292
2 700
1 519
1 758
1 140
2 427
1 891
2 148
1 875
1 761
1 849
2 662
2 468
2 404
1 302
1 554
1 717
1 964
2 954
1 666
2 577
2 756
2 947
1 100
2 185
2 708
1 281
1 123
2 678
1 210
2 955
1 331
2 504
1 812
2 200
2 216
2 346
2 503
2 423
2 592
2 779
2 300
1 560
1 436
2 391
2 13
2 744
2 659
2 397
1 268
1 321
1 599
1 646
1 389
1 704
2 606
1 44
2 215
1 118
1 643
1 137
1 343
2 575
1 290
1 187
1 901
2 117
2 632
2 567
2 749
1 446
2 824
1 251
1 911
2 122
1 175
1 794
1 271
2 854
2 601
1 92
2 590
1 892
2 129
2 547
2 695
2 41
1 622
2 255
2 459
2 245
2 160
2 363
1 950
1 190
2 663
2 910
2 760
1 918
2 68
1 379
1 116
1 616
1 534
1 569
2 172
1 895
1 655
2 964
1 75
1 231
2 244
1 562
2 681
1 738
2 49
1 511
2 515
2 37
2 26
2 57
1 441
2 216
1 875
1 837
1 886
2 825
1 273
2 624
1 635
1 865
1 438
1 742
2 405
2 438
1 25
1 935
2 970
1 855
2 500
1 341
2 704
2 860
2 373
1 488
1 446
1 315
1 229
2 458
2 608
2 388
2 316
2 307
2 775
1 198
2 371
2 189
2 855
1 423
1 328
2 201
2 552
1 608
1 341
2 465
1 30
1 30
2 450
1 396
2 113
1 131
1 22
1 214
2 286
1 339
1 386
1 396
1 635
1 232
1 159
2 388
2 350
2 406
2 603
2 779
1 391
1 511
1 152
2 365
2 714
2 472
2 420
2 594
2 223
1 410
2 458
2 507
2 561
1 898
2 879
1 152
2 26
2 466
1 382
1 485
2 869
2 654
1 533
1 665
2 386
1 407
1 710
2 686
1 966
1 788
2 847
2 331
2 441
2 324
1 34
2 997
1 630
1 684
2 990
2 137
2 974
2 687
1 83
2 444
2 181
1 162
1 234
1 252
2 212
2 452
2 355
1 980
2 349
2 636
2 981
2 356
1 450
2 218
1 906
2 118
2 599
1 844
1 928
1 202
2 387
2 187
2 754
2 563
1 227
1 316
2 628
1 552
2 751
1 936
1 666
2 468
2 691
2 860
1 50
2 127
1 863
1 369
1 333
1 834
2 239
2 501
1 979
2 846
2 964
1 584
2 852
2 838
1 473
2 272
2 343
1 553
1 79
2 38
2 895
2 161
2 209
1 775
2 776
2 174
2 881
2 572
2 39
2 924
2 273
1 346
2 247
1 361
2 19
2 42
2 629
2 104
1 202
2 386
1 925
2 664
1 678
2 114
2 803
1 78
2 732
2 384
1 667
1 86
1 980
2 660
1 425
1 38
2 897
2 853
1 258
1 492
1 308
1 859
2 112
1 235
2 497
1 891
1 898
2 850
1 336
2 982
1 866
2 228
2 518
2 969
1 69
1 489
1 498
1 263
1 399
2 988
1 833
1 874
2 164
2 195
2 474
1 758
1 464
2 291
2 530
2 726
2 48
1 73
2 592
1 445
2 719
2 513
1 778
2 615
1 154
2 946
1 623
1 549
1 356
1 728
1 547
1 388
1 578
2 82
1 175
1 102
1 128
1 338
1 918
1 824
1 947
2 119
2 25
1 115
2 445
1 398
2 196
1 187
1 972
2 405
1 678
1 595
2 307
1 414
2 917
2 22
2 319
1 314
2 767
1 719
1 259
1 276
2 874
2 91
1 469
2 585
1 77
1 90
2 863
2 279
1 213
1 161
1 742
1 483
1 482
2 899
1 254
2 225
1 831
2 107
2 237
2 56
2 661
1 955
1 404
1 51
1 96
2 1
2 81
1 1
2 577
1 389
1 583
2 926
2 858
1 444
1 604
2 64
2 493
1 832
2 626
2 43
1 862
1 966
1 663
2 62
2 308
2 430
2 326
2 483
2 292
1 814
2 899
2 746
2 717
1 559
2 226
2 615
2 653
1 287
2 209
2 976
2 475
2 766
1 489
2 352
2 779
2 665
2 537
1 894
2 790
2 18
2 523
1 783
2 855
1 165
2 438
2 175
1 655
1 876
2 778
2 572
1 281
1 949
2 935
1 348
2 175
2 287
1 838
2 682
2 467
1 536
1 158
2 517
1 735
2 978
2 288
2 73
2 534
2 585
1 899
1 604
1 720
2 487
2 578
1 265
1 34
2 840
2 177
1 369
1 451
1 790
2 812
2 669
2 888
2 534
2 167
1 277
2 746
2 169
2 151
1 676
2 643
2 253
1 464
1 58
1 780
1 769
1 604
2 529
1 169
2 956
2 939
2 104
1 419
1 695
2 893
2 643
2 926
1 686
1 378
1 497
1 313
1 107
2 546
2 173
2 585
1 515
2 806
2 405
2 222
1 855
2 765
1 710
2 595
1 556
1 279
2 182
2 650
2 500
2 982
1 8
1 814
2 379
1 55
1 924
2 408
1 482
1 726
2 381
1 371
2 247
2 152
1 801
1 472
1 379
2 183
1 564
2 690
1 915
1 673
2 453
1 315
1 608
2 360
2 975
2 357
1 183
1 676
1 321
1 770
2 914
2 349
1 183
2 517
1 301
1 33
2 207
2 822
2 537
2 716
1 165
2 898
2 988
1 227
2 904
1 544
2 775
1 840
2 170
2 677
1 143
1 977
1 755
2 353
2 76
2 233
1 47
1 648
2 557
1 574
1 524
1 411
1 371
1 713
2 109
2 404
1 90
1 505
2 250
2 413
2 467
1 351
2 997
2 577
2 988
1 715
1 814
1 993
2 846
1 951
1 240
2 401
2 989
2 543
1 265
1 281
2 524
2 599
2 350
2 733
2 647
2 277
2 990
2 997
1 615
1 234
2 690
1 989
2 962
1 717
2 963
2 317
2 728
1 504
2 260
2 938
2 407
2 345
1 387
2 436
1 528
2 634
2 636
1 799
1 95
2 578
1 87
2 658
2 599
1 754
1 997
1 330
2 108
1 937
2 999
2 336
1 7
1 688
1 215
1 471
1 517
2 607
2 340
2 287
2 392
1 198
1 954
2 589
2 325
2 996
1 400
1 568
1 373
2 860
2 840
1 957
2 788
1 674
1 939
2 196
2 333
2 379
1 411
2 473
2 676
2 627
1 519
1 316
2 522
2 772
1 354
1 826
1 740
2 653
2 60
1 226
2 916
1 537
1 1
1 288
2 207
1 396
2 940
2 773
2 549
1 978
2 948
2 117
2 941
1 272
1 159
1 456
1 374
1 304
1 704
2 113
1 239
1 265
1 598
1 746
2 56
2 725
1 165
1 718
2 462
1 258
1 651
2 118
1 907
1 777
1 628
2 877
1 596
1 890
2 783
2 516
2 377
1 190
2 206
2 830
2 112
1 963
2 466
1 148
2 219
2 211
1 532
2 283
2 301
1 389
2 669
2 513
1 585
1 475
1 319
1 428
2 667
1 435
1 258
1 867
2 285
1 559
1 992
1 115
2 188
2 740
1 785
2 411
2 256
1 846
1 944
1 336
2 943
2 419
1 196
2 834
1 51
2 163
2 240
2 933
1 751
1 919
1 547
2 962
2 470
1 799
2 105
2 619
2 956
2 586
2 408
1 458
1 427
2 370
2 860
2 610
1 295
1 292
2 955
2 692
2 506
1 685
1 177
1 956
2 993
2 768
2 69
2 458
2 598
2 609
2 787
2 97
2 92
1 925
2 664
2 211
2 686
2 856
1 193
1 35
1 312
2 726
2 13
1 562
2 251
1 82
1 846
1 123
1 382
2 274
2 148
2 670
1 64
2 288
2 2
1 393
1 671
1 915
