100
9404583479391696802608469937626912852654676720028126570461535637639025362463323140802977626525123405
2227922460403945708817507785534023638155602962336230293290358420907199816645613923472030127389966555
2923844738806769175160670601525873851306571959599434524635339403559388213825959599624587632131233164
1366636880768002372580645895294279841793856839753347139945344740800380715063988795541313653757093481
1291195061155571365271504080934387356032635364420457557228766142597185856083153647225420186594110067
5719112068153302162729044525320103115925969745379108259348144218478992613181196008963030864638446644
2461105664169946226426675692680302930138944920766728785876767381890594117604832996390873668019899301
1300963788520996918628212438170297033715629890877655560467574999549965743698330259728447085253639290
1197600574245524662800945165289801077782371342617594467871832805484563042844489827435465092392457616
8604191445028422086406445413072780888002138954445850184222502739975550035615893216460298245752106550
4701309089413135472122766407310834197168926256033142991641278722441928600986794528826906180726497125
7948280543174034387115088998634628795106788533473280306724113991851514085490822189596755516985714841
5778112766258111586640553481891522453124114638623749176040619823339091967407448302557518263564921260
2389731978788113647308201772093896146415204601609803244891888957612711462108580539485242183202210629
9418807417736769234712273987239100608950317936443982733815264610494432874128302893106932791733910291
6257428465784247706000316738165112094878090952848685848957181358965498355076191584203042736931926731
3100616247322475601458774698177595989020348655871378946324049037719405101626349803293536289008184947
1853451382847768494458525705558789871830303230167039119105046965057623299801005471928149499466672541
6062936196134015593887105421715547689898928162731978521988268840025961951925503899149158283788305148
3548519196640256429889018930781644929384842800918594813509163420968036546615327798508461682749039091
1788360943231905313454855421129635657542014809392357625822958118947334891513421100764680351121569715
8168403139451741197567693796993153222723286302739402946817832098048891708603255983468833850753280669
1898113090990037867703963486514667300482578558046801915749197982165167795410161558413697678269469736
1147652204009213838846509140924222153810052392221626357764330746796866954930782410347444118014377613
7500969836403374528356002383766120266679920333774508775802113026568391076444584421667471013369222740
1904279466842246659023429600332722993521789434467361322481486139009767867253141460733088897170460043
2895259850653112572140701459365812968093217494938949842018492776070293730567184006578392643468276820
3645170747382249390342991384195121460914393886804010966492557534064143702124143282376086720936453921
2299916364343345804703436146986758183237900994772782149438403614101316035489052239760157337381938625
5673348731939598692066263152537066085663859700035214481488167375960960265145965620430104743000432449
3520833113626138968151217627604363988444238798931241356677324583871959368818015573154394421941925682
1877093295574159816496115531608026668636561380607228055655492334798865917172088417614495542852651581
1754105013980618437286868841500152488114913945620241613755237623292597983909134271732213380673915572
6115470193634407212511070878340329706995659236957721743393121726287079827490430164842555457390784400
6768566412006306946003118830879061281182567014898312458249421147436119270974515438280361412446799420
1000619384622242316998912813785682007884699163130147181343678889150424649729787132259983674275841920
1272806590731794036661095191437449558115597670116179336604374347996542922930380717432868380873653389
6621838455036565793363470799113087797894634963581916883967364319591322577098897359356116811301476520
3683397673709577004393355785294760031242151066517546587908844296945836342951554224483069283120045618
1547307566898359274666564680707940743401925532067842698432491214173527561165913684202119481073152264
1106196194242882840954469391444494740844622939914055768201852809800287274165971425122940862200927146
1849483166617022975558158912361554239213571388865173453571080850360051246622638249490785000719807475
7182563596239251721244360606333049781036219596401370014065264082453972587215339719348346441258046867
1090354058583073405641856061146571177035110897327633117912961891819435852141922887203467591082682317
6386542449848896776261849684913744770135823597546539444776081674059008716302344164535490994536855197
8109193101464574216119666596989744434857601791916143757006587033797591247529797818771247930660164584
3762644836229276842811148707708616646067467120758135340321149498382347446006421733391751992766955741
4387001854131206741137333210095550607482960790894361831875787107326436212448915376465709645025024577
4431064494504355530393012874453752137209336127257986414886148288567897246060596917880265546183695237
8692530449354600876554456243158333337893605858783800040430597907731587883648421914761927241671363811
2692433367284099510218449643309782846792575165835742302736515780932796466694781330143306519020275069
1144492531221411530352857111747144539560915394240345148513992937961970484898978061316301071261662878
1589394492760840304243430282368502846612940574973369350658727742774134439185774986979178907776945036
7810504517822938233916855800030678744180961502612571242108554096272874214756151893276913800483029598
7299966583979068108461617176272520117693182310986268357100333158830040915501475942623642992198708837
1646197955302645385061653382710994297037865180480702186275852062165684203615227235898461612410590824
1188394205090276527181652715271879461376676457961167886795131921293279612637125113685632849651693984
1579221396390390929916941792895455958508147465929432676826469974614600472249236304953514264736034960
1115729863603858057788685106079883742441575003664909122515200386466560920918114543695369030996965988
4507135790017770534535280049880603595564350739795540496854081399040486009623675969878834966992423419
7057225857965165146723475654674173647095717327810917592215688132235407007711650243413970620582447842
6210786105197839297828672481906141217442874069901269233765436953239297313426218064729195142752569651
3543085610022046186807679117741194897735354366779684383066783799795087145619843969927974814221743376
6817479970636373566922446293785428175883407921837162957380756119110877981544036968686600293394729995
2642301795593233099417931726298860303315436483379097298888468370490571437504966998204553693584801222
9425994613055187959722288918584844284567714261873103797420715388311256680557200267888975297701873390
9636755120094987762211534067946258434041718751516724513340319563334674043594246319460922506238361555
7749056388570449028552998083585556605950036854676031312390491882950041828171285577871951227493294617
1331404155992318670064192633539909185235614058493122406493560271651609236752660462888036104924729352
8578439806966845931440226314695116643365280836463185304862056799237099040537285698040773634226034822
1946962081546759580853452429373517056920530504278730428747554830582252184476615844226005092439986488
3760006832695163851202612036143258559941526657476073061045167714142583904994561769412191956931026668
6892234888931595465594877216727317346502014083198933409296140517461925426168795874773179456193798730
4969533833148418575310439252588431295095397584013847728156345969896142411599391978888989062316987042
5001487638075954526754014569458512193547931167371559858194014461128462410223931122993780041664112628
6617008823518582978553181526848493534974273708793317262309135907871218568961120551725688160247248853
3231213335088000007544062778129772381942121793945599055864880901658849742295809607336237222434922754
1018957796211347971080311567895572022310990236357718915751521125872110727374788261580266971272079516
3886489448314388802749028875542418685638281679497579910914156046041145215297756068980082978397538529
9127841701224524290853414796436952792134482014804448030202874316382967517453974408798799635315570238
6779433416373314993592016953646589030180856613854624573090907241281444969030903186914413765518131662
8002970248955783133768544659193649930761672487119217594369940622591866284561669295349163426504634696
6291075753039383417135972311823271579163202184827285839088931497358268531042725497891212295438649426
5162370543786134100926484447307658435411117150962377790880136255791155575660539621512294307232885665
8686586706705045314789168022674858378399351600625271482823759509670347184747385351618739852046079418
3995432246613056819116022439255515228251498380535292504443677376578205868250817132856469491044705578
3812265109517192542848695417357557177623501085569650580545785388574444515292606647160115733023910600
9903720805877325571787812493086236700391460490533115759418480789233963209666023737080487758675077559
9994260275444808403395665271981785843058782909944446886536958237293794792073335112070645228217866791
5599539905465041699602348366119978515812653828235551069609781957699181648890950616290863613048731509
6860208671609376300014197044200583319849873810752082114652477068900822111250052914296429011051400836
7183168290255066817719659128572007470517695828291018925106578047670079324912139439778638921336126133
5406415157546152334129667918168041242346040408943027322688395402136404493054510001031507048462297660
9613179668598942155278044232294053810069064660493512015030999469253854257550691769067171946709794447
1921647246571508416424153844224522818300406124235178092601004351292957419376283037751439072176294434
2294385428747524037416724558397395421745402443468986732399898660902489626502078682755309916523353161
6232310371476026684959139825969082734689858001156882117256660949538640260412115741090099119154431547
7259923843235997333322770968548828854741454915438836025569182490057725133204584244458958263862445728
3079390690504524397326412677071000060280629203211729239650223527494501127862404516065396706599161293
10000000000000000000000000000000000000000000000000000000000000000000000000000000000000000000000000000
