100
618295684
454760474
450017379
411953267
718816652
696621081
139058611
178706601
594004351
212785546
900901058
724374189
641570192
908657072
716677600
762182399
842179764
277651877
350110011
296424665
999423367
993538552
702814197
464062719
205282772
114603300
252038118
183196823
948816354
200211063
577636528
185912315
488085504
959586155
975007035
328590078
421043784
738367931
194928007
459083656
296874055
463390901
718964850
813209392
340351558
397549897
581658713
670789487
995034037
354921997
459629314
193525947
228771290
870682861
850676132
811789961
284464739
962224083
193809623
149836784
130607122
175307351
484218713
751259719
445884808
141817461
967947445
810707872
750421777
957381365
875233331
798397342
533463344
398926474
118066842
697446182
275828994
337086551
570965583
579361919
508842699
609252623
457084037
351804420
932225481
227167773
141675663
428822260
984719765
117788385
853569786
591286674
989990360
999767829
878449941
557767719
349138890
574057196
454184339
1000000000
