1
4933
8394 8978 8544
1752 9670 3047
3099 250 6090
8415 5240 588
6001 1157 7405
2845 8320 7753
4116 1129 6582
7207 6531 5136
7132 2510 9155
873 3991 1631
4619 6405 5528
2854 2576 3288
1675 6374 8596
3365 1925 9974
6774 5004 4720
9789 3223 5035
1071 3582 759
69 4075 7141
1291 4264 7340
6479 7526 9810
8932 8831 3030
8034 9784 5772
382 9743 7437
2904 2791 9936
1502 1808 9574
5920 2788 1462
2176 1434 4587
8648 219 41
6608 1372 7270
5944 9806 5654
9235 5686 7705
3334 364 2103
3142 6157 2114
8854 6399 5251
8797 8819 913
6 8042 3448
4241 552 9340
7366 5560 9361
3160 4484 8236
4221 1811 8450
6184 489 1106
6225 2573 9308
5074 2506 5945
6701 8946 817
4460 8386 4366
9416 7379 2156
8659 2921 4038
5492 8249 4228
748 9163 1267
2056 2226 4070
5842 7841 8202
7415 8224 6075
5015 3273 7490
914 1369 6068
311 4465 9499
5160 4658 7204
8187 9057 636
3834 7412 3657
1557 6731 9746
1940 1722 5582
5537 9951 5989
3485 1473 9889
9458 2344 7430
9640 8113 6779
2657 8895 9434
6613 3076 8018
2239 8207 3458
8534 9743 2611
7751 9249 4850
7366 2209 1375
8262 2049 7101
8778 758 8060
626 4580 4702
3537 2488 7931
6555 1159 6946
6848 7796 2712
8735 53 1552
8995 8913 4389
9999 9841 424
1589 60 4698
6163 1592 5642
902 2305 1526
529 4791 9707
5186 4876 5090
1021 7265 8131
7365 378 4805
665 673 9234
6713 7210 6682
334 9160 6456
1333 2779 5118
9295 7840 5226
8218 9646 2985
8514 8118 1383
7449 4534 5849
9159 4895 8601
4640 4500 310
2991 1906 1574
9803 8251 5800
2938 9990 1873
9652 5184 1533
5851 2160 4828
9215 7557 3909
4315 4365 9544
9765 5750 8645
9291 4977 516
2241 4487 7707
260 7162 2123
8797 7841 1868
9738 2999 927
7123 4981 3110
6047 7343 2651
1866 812 9026
2441 1766 4716
9742 5660 1096
8994 6005 8229
5245 174 6115
2682 5409 9121
9455 6240 6562
7806 2797 5805
6353 4187 5131
2237 9346 4398
2593 7117 9564
6043 3553 1995
1922 2466 6273
6344 9097 5590
467 1195 2535
383 5192 8113
5637 7724 8213
8348 3322 5307
8214 3305 9021
1425 7137 7993
8607 2146 8043
690 4643 9484
2385 5642 7717
9150 8046 3056
337 2951 1810
3636 1466 2710
2314 446 337
4591 3297 9813
8696 734 667
2777 2049 5994
1277 3258 2646
3931 8614 1265
4376 1977 8425
1162 6756 8435
3311 943 4808
368 2064 3829
925 5924 7250
5802 2109 5651
7885 4835 2746
2736 6874 9505
6072 5885 9005
6345 1956 9239
6157 3188 6686
9007 6824 4704
5382 9480 11
7132 2083 4534
2098 7357 1300
874 6696 6751
5905 1472 5692
445 8098 6515
474 9692 9609
6496 5079 5632
4056 1989 7747
7253 6320 1756
9868 4185 8678
2472 254 2433
9626 6788 564
925 6187 1143
9809 7842 1796
29 986 6510
5052 7239 334
1523 3533 2337
334 628 4147
953 9090 8999
3144 2228 6567
8652 458 1384
1367 5169 1721
5871 7718 1312
682 6865 1611
4545 2210 3940
1343 8491 942
2158 3953 5162
9369 6387 3390
5379 7223 7629
2822 2121 441
3653 3064 9982
6045 5684 6551
1817 6071 5168
3301 5362 4150
9196 645 2605
221 3226 7650
1919 9074 1252
5759 4458 2698
5200 6173 7821
1487 4539 9567
3355 5551 5610
4991 123 9494
4158 4226 3598
2728 2706 8663
3811 1928 7554
5792 5923 1261
2553 1339 686
4254 8291 5401
2476 8048 1038
1157 7665 2174
3525 285 2061
3699 7851 9582
2150 9127 5558
6977 8185 4104
6683 167 9168
5324 2379 3920
3143 7586 3992
4390 8755 28
3595 1163 8733
8476 2506 4127
8514 4963 6392
2223 640 760
9235 9088 909
3712 716 7081
2465 7729 9936
3019 2305 5443
5138 6061 6598
7629 1489 385
2915 4208 7452
3789 249 5983
3910 4177 8509
9796 1498 200
6882 9435 4327
1836 5140 9046
3198 8215 7011
1777 7181 203
9692 1067 1082
174 595 9415
1929 9633 2796
5047 2230 8183
9445 9396 1434
3713 9683 883
8229 2552 8852
304 9566 9467
884 9663 3119
9279 2670 8492
3304 8018 5101
778 961 1150
8663 3321 1306
9571 9149 7830
266 8943 6242
2659 374 2923
5842 115 6990
6250 6 1840
3266 1396 2548
6070 6092 569
2916 758 7835
8832 6197 9126
4840 804 8012
7613 5788 9892
1736 3816 5978
7597 9781 4838
4490 8069 1920
4706 6447 7955
6843 9334 6682
3121 9073 276
4280 2078 4260
2113 7706 7272
2417 6634 5515
647 5067 8437
6181 6364 9742
8529 6511 7070
7359 2882 3889
5958 2920 9547
9056 8496 4010
8728 176 679
6058 1321 5344
7960 1372 7390
1729 2328 1561
8094 9571 6351
1001 6001 7936
8065 4121 700
2802 8275 9311
8862 1617 3946
2203 1033 5530
1157 8142 1084
4284 6189 878
3159 3496 2062
900 7599 8888
8013 7029 7033
4614 3283 669
9457 3907 1853
6959 6094 9576
758 1362 1667
9829 5462 437
9826 371 621
2318 9820 6947
4017 9268 2305
8443 7926 1472
3341 2803 8880
2284 8481 9279
973 5380 9250
1593 664 4877
3682 4286 997
3985 845 8085
4482 3888 2557
1871 6796 8836
706 7982 134
9796 5715 6444
490 5402 337
1742 8326 9156
673 5984 8646
1183 6478 1427
744 8390 6701
3705 688 6865
1057 8885 8291
1651 7364 8287
8220 1972 2928
4614 1061 6626
141 6492 7153
4218 9427 1375
4762 4009 1645
2646 2450 2287
119 4659 6119
2549 4361 100
164 3373 2084
1072 9193 1185
1116 7192 3127
9690 9732 1473
3862 1229 2783
9657 9474 1429
3804 2016 5441
7104 7108 969
2702 3172 1510
6535 4126 770
7375 5057 2214
4391 3299 6430
3859 4490 2191
9949 9444 1929
2246 7833 6145
8966 7866 6979
5942 1465 7314
4148 5396 3234
2568 6445 4940
9243 1574 3117
8177 2065 5191
7359 1026 6191
4723 8615 1215
4689 4933 650
2023 2319 5015
4841 1597 6968
60 8813 1976
3500 3389 4603
2972 5560 9507
59 569 7880
1887 3406 9467
9986 1525 639
6012 5319 8732
8690 3495 4974
5191 9943 7120
9232 3879 9347
1685 3499 1069
1008 5451 3159
583 8677 9824
72 8139 3825
6220 151 6376
6571 2500 1971
535 8496 746
2008 54 2361
4538 1372 315
3966 8975 1959
8090 7311 1187
6888 4096 5971
2876 8045 2568
8014 8151 8362
7420 6306 2684
4635 4090 5365
5091 4 6177
3844 202 174
1308 5505 7672
8271 6394 944
7697 69 6491
9339 3720 8296
5552 8834 5982
9448 902 1664
701 6553 571
4324 449 5300
1960 1005 8367
7194 8378 5094
1811 4010 7461
5875 5061 4595
8250 3535 8620
5756 1339 3436
7918 7247 3349
1282 7901 7874
9496 1613 9062
4667 6784 2963
6929 9152 3744
6588 1234 3948
269 4445 2698
3099 1366 5866
9422 398 9446
2009 1238 1486
6188 551 2960
3333 6905 6029
4221 276 1850
3430 9835 24
3990 1093 935
8590 6615 4319
8675 6278 4786
2355 1385 1767
8234 807 9539
8567 5046 6604
9213 6180 766
5210 9634 6215
4369 6807 1928
1122 7646 3912
5700 8312 4386
8611 3741 757
4567 2105 3453
8553 829 3070
8854 6324 8391
2377 9219 2054
1613 1343 1424
5203 4398 404
8209 3914 5397
2846 7705 3031
7860 676 9882
2515 6140 3669
3544 4779 2248
9732 9939 6916
3274 9096 248
6761 7284 2425
1105 6646 8924
4040 2626 376
4286 2711 563
51 8379 5458
5158 602 9645
9804 6150 3985
8924 8211 5472
696 9422 1622
1984 4170 1263
9493 4877 9521
2716 5736 5625
6491 3780 8003
5556 2732 4462
4406 1883 18
4915 3155 355
418 6982 958
7117 6903 8381
5202 1581 535
2678 9611 7818
7654 9912 3282
4505 3028 374
675 9280 3042
8959 3092 7116
815 5135 9641
9610 8631 9164
6533 7997 2744
1733 5035 407
2756 7186 5871
855 2768 4786
169 7915 303
8600 4339 7828
4921 1064 1312
6351 8877 8739
4662 5608 5794
573 7210 2786
2477 2963 1679
2475 7061 3647
3744 2492 6922
8456 5229 1971
615 2576 2707
1593 653 2680
6497 7701 9288
2417 3591 4432
1112 3371 7389
1790 1878 8463
6078 1001 6507
5183 5709 643
2064 9299 1734
2087 9316 2341
6553 2241 980
760 7451 3186
70 9010 148
6678 6667 1006
8097 7193 7995
7374 5909 6115
1432 6074 7088
1628 5740 664
9523 749 5666
8673 3823 6754
5451 7727 4137
6963 4453 4702
8623 1396 7225
3181 1176 1470
2342 4704 2821
6082 5070 1236
1415 7668 8801
3036 1251 5349
791 5750 2282
7975 4992 8584
1177 125 1969
6707 8836 68
1897 6589 1262
4414 4678 2287
4784 8488 5283
2027 3164 5860
6247 9715 1652
3523 306 2391
8695 1683 7874
8287 4172 9953
854 6491 662
853 4518 1171
6992 3479 9568
9258 6109 9271
2296 9395 1667
3829 3673 6616
9166 7364 8270
773 4331 6623
8727 1240 2478
2407 3270 9326
9167 5720 8810
2210 5493 3665
5404 6218 3210
2217 1230 5135
3015 776 2775
1838 782 2229
2148 4463 5506
3680 7948 6644
3714 7898 520
101 303 8134
8859 4187 9498
6769 865 679
1818 1067 4237
5680 1415 9298
4335 1766 7533
5348 4411 157
7641 6411 85
6681 4274 2266
4924 8294 7855
6911 4129 9079
1749 2788 9351
9693 5658 8756
2712 6423 428
4409 3457 4895
8257 1892 1077
112 8798 1654
8333 4691 8773
493 7786 2268
4963 5596 9969
8193 7534 5684
9971 6163 3803
5311 9526 1400
7458 1501 2023
143 3991 2817
1104 3466 9707
1342 1806 2429
8881 1673 8499
6217 6209 2762
7530 2575 1709
9455 1154 2017
5617 402 2151
1699 853 3483
2525 8076 200
47 8452 6607
8111 5969 8052
4204 1700 8679
7148 1621 7258
3459 1704 7018
8529 1192 810
1309 524 2936
6623 5243 4934
4181 1227 3917
7466 5632 1559
8282 4686 835
5333 8462 267
2379 8003 1421
2256 4626 5883
1242 2519 8378
3103 3641 9808
8986 5575 61
357 2918 5642
6549 4867 2590
5264 7870 4548
7867 5435 1023
6560 4471 7987
6241 9818 5578
258 8168 4886
1309 1538 1670
8954 5574 5156
5845 675 2446
8982 5541 2033
7881 312 589
5824 2600 483
4792 5946 7900
8557 2337 8670
6781 2649 66
9055 7939 4191
1758 1361 6074
1323 1169 9963
7505 3153 414
20 8629 172
4050 3782 8557
7274 1814 9235
8111 7850 9976
147 2932 2633
6997 414 7756
3070 7948 4913
4084 7532 2718
8 2135 7196
357 826 9939
3513 7346 4989
7696 9208 2536
5713 1754 7058
5115 4790 5477
4781 9364 7517
7297 4968 217
4984 1551 9447
3009 6203 3008
2551 8603 176
697 4795 7737
5287 9188 9957
900 9283 559
892 3069 868
358 7497 2417
5968 5219 7907
4018 1352 2052
1229 2543 3826
2014 5662 3498
1906 8720 5411
174 3943 4361
1744 4164 3435
7641 1804 1312
4860 6768 9248
4543 4170 2268
4789 6086 7272
2021 310 7355
4067 2625 4389
9428 6647 9921
7580 7251 5648
8539 9579 2462
5471 5421 6584
5615 2769 5468
5678 7552 1941
8325 6449 9266
7944 4224 2432
1049 8699 3024
7053 5147 1007
2221 3013 3358
9708 2974 7514
9987 5693 331
1351 3705 1650
3101 2602 3187
8193 6151 4856
5623 7299 5869
7714 9134 3629
748 9526 9913
9563 2297 9645
3813 6634 1831
1269 8324 4762
8574 2522 5312
7712 8041 8156
9170 3162 787
5065 3094 2014
6480 1626 4734
3198 791 6413
1166 1130 6908
761 2314 1909
5310 3285 2129
5576 1284 624
4284 7355 5514
7820 9185 2018
6153 9189 97
1709 1559 159
3907 8421 3793
2169 5598 8460
7589 5134 3028
6698 6610 6434
1098 7101 9988
680 8461 7107
953 3676 9940
1287 5050 6130
9920 9096 9703
4777 9232 20
5426 3288 4845
9007 1501 2730
428 4634 5978
1206 6447 3990
1544 1372 8905
1995 8420 8223
4585 7905 1761
322 5488 9682
2598 3862 950
5776 7033 8080
8051 1847 9322
1833 1951 2769
801 6861 4646
2589 2606 5648
6562 6835 3945
4298 6053 1708
2389 8755 9109
3759 7939 8825
2632 5622 3269
9406 3594 4591
9799 2324 6774
1964 9879 2392
1920 6114 3430
4769 705 8687
1046 8691 870
938 4887 8474
2658 675 3373
9864 1282 8926
4264 7512 9047
8749 9102 2071
1525 2713 200
9098 4353 3407
7887 5248 1036
7324 2734 5669
7030 3078 6274
7018 6456 9412
461 8286 2042
8825 1480 7293
2715 1244 1589
310 3906 6960
6299 8677 6299
6428 3751 57
4010 2998 1069
2663 6230 2086
4309 5434 6312
6938 8485 9290
6584 8 71
2660 9032 7110
2044 7061 134
1486 5784 1215
7891 4706 755
6964 9063 4958
6507 2459 4938
1350 4075 586
4023 3497 9827
1711 1686 9701
2036 620 5812
7888 1958 4415
2715 7508 1794
6104 2622 7835
4322 9819 413
1934 8060 2180
6083 2163 600
859 7832 4569
4011 5240 8825
9293 4270 3273
6083 4589 8219
5336 2113 2851
9382 907 2628
3018 9922 3341
4379 4815 9696
1309 6863 2378
2435 7734 4275
1021 3182 941
9358 9786 9385
5474 7395 1849
3167 8960 5642
5849 2483 4216
8583 4871 6144
7854 2571 431
9779 1376 7493
2655 7705 945
6893 8033 3326
1772 7380 2970
3004 1224 451
7918 5629 409
1613 3717 2592
3211 8002 3222
2737 17 5136
3030 7658 3806
3376 4795 1645
4794 6402 6226
227 9582 8895
1914 7106 1663
2550 5797 1075
4763 782 909
7872 92 1246
9321 4695 533
2305 8532 1055
1947 5107 6585
4346 7384 788
2182 5496 155
3432 2273 6920
8142 7231 3595
1546 5692 1002
7461 3 1269
8760 1727 934
2074 8414 7728
2172 3795 3667
801 6438 8431
1415 2195 9948
8334 5878 9689
5468 4947 7734
2184 753 5909
532 5376 6879
9654 129 5031
182 4993 1528
1596 1035 2066
7589 941 1029
5933 1468 1140
344 1575 4868
5636 1508 8174
4630 2670 5392
8632 1869 283
769 2237 8932
8875 261 3029
4150 4045 9785
3019 7735 2767
6852 7756 8368
7311 5055 2716
1061 3383 102
999 5860 8380
3857 5082 2825
5801 3263 9888
759 5535 1030
2078 3003 5676
249 7280 2401
3618 8589 792
2000 1277 1225
8814 991 886
4111 2747 6539
684 3792 7242
5438 8249 3428
9007 4981 6483
6769 6611 8911
3252 4436 449
3118 2210 624
4787 2107 5806
8624 6592 8739
4190 1159 1358
5294 7597 8607
2990 9021 8930
5364 56 7000
6000 1670 1026
1586 5908 522
380 1481 9977
1668 730 5620
2110 9329 2677
2843 4539 759
8762 7280 6827
1645 7960 3463
5246 5026 477
7308 556 3988
3942 6301 7031
3344 2284 1870
6294 6070 285
5984 3069 9485
842 58 1089
8469 7292 2071
6684 9177 1246
9514 8297 780
3167 8336 1808
7636 7839 2761
9026 237 1553
6980 5852 3756
6760 9325 877
1882 806 2284
5591 2424 5360
8547 357 2610
8658 6843 5453
5838 822 7772
3204 1881 5216
5103 2666 1246
2242 7184 3294
4376 5819 5030
5440 4289 6792
6181 3925 6126
6698 3665 5243
8337 3397 3639
2146 4951 1546
2093 9761 3250
9865 1420 2708
7963 4321 1310
7842 9511 278
6648 6106 6360
7825 4329 2353
9636 2023 3407
7958 5599 3635
4701 1604 8380
6900 6628 9715
6678 8887 641
2104 2761 8048
3029 8991 3432
7148 2389 6471
3859 4779 5959
6760 309 633
1108 6086 6738
7695 708 2051
7853 2038 8913
4426 9791 3414
5836 7340 373
3878 2133 6211
3501 6177 2202
2491 2395 2341
6125 6154 9038
5236 8663 4518
4509 2056 6721
771 9677 4644
6526 8013 3543
3248 1115 5335
4820 6081 5558
328 2788 3410
6864 9389 7909
5125 1750 1911
3118 4997 8187
837 7571 8441
7041 727 2466
5292 4873 7955
9252 3777 3570
9731 1314 6115
9539 8894 1796
874 6064 7774
5893 8054 7479
9119 8970 5831
5986 5268 9091
6662 3834 1875
3586 4021 4876
6698 9086 1052
7156 8288 633
1597 520 1057
1207 410 7530
6011 9591 1073
1886 7027 3055
3128 1749 286
5746 360 7958
3310 9673 8095
8975 3559 6232
9965 7456 5825
3436 2025 279
8126 6775 7441
7561 5166 5722
5119 5265 3297
388 3845 6297
3700 4575 399
2562 5186 5079
8086 4984 3339
2209 9273 6343
3758 5199 1561
6036 6994 2575
9059 3308 2934
1172 3476 3610
7957 5993 1208
6330 3711 9685
898 1306 2723
443 852 7924
2456 9887 1208
351 914 5446
9388 4851 8813
1785 2467 3377
4589 2191 4977
427 8351 635
235 3563 4650
5611 6093 3903
3146 3518 9539
3189 6225 342
1919 961 1968
868 3058 6087
2620 2292 6844
4707 4170 9539
9168 976 5076
2141 7350 942
1891 5281 21
2106 8724 625
6406 9047 2136
8476 5434 8663
3947 2592 7484
4392 1645 2032
8739 8483 3302
3643 3735 2297
9922 8083 5452
4597 413 3028
4670 2038 5709
5776 1797 1607
9152 191 5227
2411 5858 9984
8789 1477 2833
732 8939 4346
3404 6231 7244
4273 7119 3499
6897 3597 6330
352 6237 444
8057 8565 7408
7732 7663 6096
1825 4229 1460
6979 7620 5300
6896 5721 3702
4120 6379 2468
5833 3779 2745
1327 7640 2755
964 6614 6850
6940 8299 9830
6507 1758 4778
4918 2484 2684
1954 760 6440
2577 2199 9528
5095 8602 9708
2205 8809 7815
1867 2431 2460
3530 2577 5736
6290 3669 2752
3608 6098 1303
5372 539 4079
511 8373 7951
8801 6677 193
368 333 9054
6178 8837 2850
3857 8924 9266
8344 9757 2078
2182 6800 2324
8741 9473 3453
8254 9716 326
827 2494 4501
8115 2368 7417
9367 450 8944
1847 1397 6063
3800 9267 1996
7302 6356 2196
3817 4512 4902
4175 3578 2975
1575 5711 6190
2041 6691 6488
9054 6777 9206
2496 7281 4908
386 1923 4840
3844 4716 8217
4753 4001 1669
4800 6509 2542
6477 9868 1066
8867 1146 1268
3959 228 3196
2653 7287 7317
9162 5380 7283
9897 5850 1823
2707 7643 1685
2216 5661 304
2662 2631 5794
4714 2663 9795
7600 3576 8820
1006 9226 6561
9811 9975 9072
9052 4522 8940
1797 4188 1328
9620 9178 784
122 2699 7189
823 940 3515
5426 643 7486
5350 5756 3746
2806 3306 6937
9116 972 9335
7021 5135 1987
7968 8554 8719
5923 1006 4131
4857 7543 3688
7773 5764 9542
1408 6241 2266
2899 8714 9817
9834 1399 6225
7750 9955 958
4189 4449 2034
1441 9226 585
2679 8839 7188
3068 8198 3157
4883 3338 4833
6699 8043 9894
2555 9135 2116
8317 331 667
504 1713 835
298 2988 6765
2740 1574 7267
1090 7666 715
4642 2399 7827
9889 5550 4303
3383 5025 8
1403 175 8814
1876 3384 3043
4850 4110 3747
9456 4658 316
8844 2480 2061
5730 7961 4816
4707 6100 1602
5504 1262 195
3407 5288 1964
2467 2204 7099
5718 9886 6661
3017 8447 5884
7119 7100 146
9034 3033 6328
877 21 8901
1584 8252 2423
6667 4970 7714
8518 8985 1975
3706 7322 899
7552 7491 6093
7741 6333 4170
8664 7614 3270
8516 6732 8226
7703 3871 3647
8552 4770 933
1286 6132 834
2411 631 4561
9773 9076 5556
7262 7668 1710
8109 2342 3187
7256 551 8437
529 8531 2850
173 4161 304
5356 388 8580
7914 5360 87
8092 3734 1752
3043 905 1767
3036 6258 9103
1815 2517 1484
8390 4327 6995
2603 1303 6583
9764 4545 3297
3402 9598 4891
4989 6868 1425
21 2093 2316
5644 4830 5678
2079 561 8693
8340 1059 5735
8248 3387 81
3440 7723 8588
5357 3541 8430
4325 9161 8092
5636 7939 2599
122 9726 71
5153 3349 91
7536 1869 9384
4612 5755 3310
2828 7635 432
3180 8885 9956
9126 8092 1103
3073 5164 5047
2427 3973 2455
4275 1403 4010
9154 9153 6287
4512 9800 2175
1036 4588 6655
2280 3817 3142
6035 362 5169
2681 7584 8533
526 4391 602
2893 9784 8422
1947 5628 3451
792 4738 1277
9829 1287 6865
9778 603 6491
7876 2253 7607
8527 8128 6770
8541 7064 8598
9006 5702 5964
8182 1205 9351
5793 8176 9900
9733 146 9699
248 8769 5090
8000 5120 3943
1816 9630 5937
6883 3075 1313
6362 3207 2415
9267 9477 1030
7663 543 606
1281 5107 2011
8973 8107 9217
2747 9059 5468
1182 575 2331
5651 470 2375
819 6882 6498
1228 5541 5110
3553 2143 7250
3961 6082 5369
6519 1120 5338
2280 2129 4736
8761 8553 9883
2961 8184 5769
1449 243 9954
4721 693 9257
2417 1311 8994
9461 4494 4074
2952 4864 4621
3999 3263 254
4847 3132 468
3763 6188 292
7843 3160 6598
4212 139 2431
2564 4765 980
523 1442 916
1658 7098 9351
6037 3090 9523
5989 8569 1745
839 7615 8298
1110 5683 5057
8947 8639 1795
2657 6082 7610
5150 2079 2325
7928 7392 7928
5043 8864 5329
3359 4868 2471
1805 8801 3853
4919 887 7722
3746 4713 2853
8514 4234 7568
8111 4081 602
9265 4879 2893
9989 9659 9745
6927 391 3411
3836 3425 5219
4676 1362 5496
7507 651 1132
8472 8142 831
1637 6396 8335
3862 8605 3466
9849 2245 4136
5841 3875 9797
8854 4153 135
6755 5778 6649
5604 7676 8406
6675 2750 3589
9592 7612 8395
9110 2418 7940
4530 5538 299
796 7991 7651
2621 3265 3721
7583 6330 6990
411 2429 856
1102 718 27
8059 2250 7612
6549 1805 1640
4582 8079 2486
1547 6792 5501
6419 9722 255
6583 7964 2439
5300 6514 75
575 4983 4386
1531 732 4314
7514 4202 5812
6483 8965 7367
8523 4699 2311
8150 2458 9263
8983 5723 6343
4410 9462 3479
2679 333 9873
3395 6630 2539
1810 8498 1002
6073 760 8081
5770 6615 2911
1795 4993 9954
7597 1513 4048
4844 3694 3911
3434 8652 9972
4776 5887 1600
8781 1828 8611
7563 3087 2390
2461 8915 2408
6066 9262 9977
3177 7526 119
8039 2930 1660
10000 5258 8313
1517 5667 5716
1405 7916 5223
6861 2019 8327
6800 3933 8760
6520 6718 9109
563 9485 7285
2267 858 5019
238 5755 5407
2915 1765 3475
8333 6940 2358
8780 6338 9899
1242 1913 2607
6873 1414 2372
9992 3793 9486
8379 1149 6024
2555 1628 8412
2420 9478 1188
6166 1008 3462
3016 2351 1566
3537 1975 9096
5898 2703 5739
9728 680 9663
2199 3674 9850
7474 8683 3293
95 2613 8837
4152 8397 137
613 3870 1499
5675 2904 2077
2043 3102 9149
8977 6769 5468
7814 1643 6388
7375 1904 6606
3859 8077 5028
7431 3793 9040
9836 9689 7656
8635 1662 5182
2346 9830 2106
7007 1940 9065
4335 6026 8484
3498 378 318
545 4139 3900
4384 2441 9056
3588 8989 6458
2947 5783 5920
5244 6390 8716
9778 2867 8267
4611 872 3405
2165 5457 7961
1518 1094 6562
1894 5812 8103
7953 9775 9192
2690 5600 4937
9386 601 414
7900 8714 707
4012 3161 8626
1681 3222 4228
3627 6010 661
4304 4989 2321
562 2468 8455
4237 3128 8313
7394 3305 4720
810 2206 4224
5208 1846 5961
2275 5319 1022
9597 7104 1718
6861 3481 4
95 2067 2098
7391 8660 537
1165 2882 3396
9096 5236 9224
1735 358 1713
135 8548 2489
590 1160 1948
1162 3265 8981
1780 576 2343
6144 5073 3940
4472 5564 3858
2394 886 6196
2675 8322 7294
8306 4946 9246
3086 572 4253
4031 4083 8735
7847 3942 2378
4180 6442 2622
7512 7497 3828
9907 8930 95
7170 3300 5853
2734 5106 7137
9629 10000 942
1147 7680 5987
5041 9916 4731
6593 5006 8369
3225 2181 2634
5427 8811 4987
7298 5177 7272
7540 4326 4134
67 7779 8036
292 5288 530
9453 3824 1168
1869 4150 3427
3453 2434 4057
8171 6103 1086
5249 5037 7455
8194 5179 4505
7101 3543 1759
6996 9000 704
1159 5036 2441
742 7388 3954
7270 5375 1352
5580 8148 4193
1626 4318 862
4325 149 6677
167 1645 7633
5973 5735 9134
3826 8806 1493
6365 9529 2695
4268 3222 5521
8928 9767 2619
1872 832 4173
5569 5804 2832
3650 4851 5151
9428 4043 2981
314 3694 8627
4120 34 6802
1088 4768 229
9851 2204 5464
1704 6108 4242
4266 4680 7723
8966 4244 9536
8393 3495 9580
1117 4371 2261
2749 3437 8049
6717 4361 6565
4787 6390 913
1728 9599 5484
2269 9355 932
8190 9405 1845
281 7971 9352
6453 8930 1229
1294 879 6083
7849 521 3385
9054 2833 7817
2123 6984 3257
1834 2519 6647
5398 7159 1679
8419 2182 5158
3949 6475 5433
2244 4907 244
2384 4167 9200
2893 6485 2183
6101 2566 9441
3381 4772 4102
7425 3770 1012
6721 7627 3410
6811 3268 6328
7310 3020 6530
5096 8187 69
3730 7599 9067
3833 9179 4005
4573 4592 22
631 9108 6793
188 3887 8848
7993 4040 2364
2586 2366 1433
1672 7269 8621
7008 5831 1309
1339 889 3256
9686 2613 2787
910 1506 4672
542 7242 5541
4849 1857 6600
2525 4245 3279
3632 3958 9071
1751 2713 4502
2608 2805 2359
3465 8733 4761
2059 2895 3622
430 813 8162
5966 1034 9273
6695 4225 8715
6090 2212 8263
1707 7763 3919
6673 8144 1770
8685 7339 2955
2273 1836 5092
6203 6246 6701
7419 79 1902
4058 9316 3305
4273 2287 6116
2520 3617 5551
5161 54 7959
1607 907 4013
4527 8560 1986
2012 983 9346
9913 673 6346
1342 96 3447
3300 9079 9321
8289 3751 583
2028 4113 8024
7088 2363 7535
3616 16 2607
4604 9850 3680
4934 8810 6033
2740 9493 4092
1837 726 2747
1819 6208 4623
4833 8335 7554
2875 4097 3077
7499 9276 9531
3905 6046 519
1790 5790 7678
7530 1385 9919
8353 7499 3037
3436 4631 3780
957 2806 19
3958 4051 5081
7399 8775 8969
1116 9216 2242
4716 3728 9010
2435 4819 8476
203 7947 2022
1536 2947 7610
7714 8941 6236
2300 5694 3594
2466 4491 2311
5793 806 344
6400 3035 1434
1916 802 4019
2554 3209 7457
9597 2887 1682
2286 4543 244
3847 6765 7387
8072 6977 269
7656 330 1965
4986 2288 2129
4240 9176 7141
122 3064 4622
5566 1328 427
1095 2959 2490
7508 9146 2866
8001 1365 6020
3567 5506 5633
263 492 434
7201 9130 7438
877 2250 8013
6415 473 652
4101 7389 9015
998 9623 915
8834 7242 298
5830 6295 5978
2682 4087 9192
2385 4269 694
447 2592 2844
1896 8923 7048
6827 7171 4946
1846 2417 1879
5857 5141 1037
1820 5351 6609
8380 1868 7207
3551 263 4211
9127 4103 5984
8344 2802 3904
2212 3051 4644
1421 9847 2709
8395 133 2823
9425 253 1323
7450 4008 2609
143 1922 6640
416 5296 124
2333 1202 1570
2533 4426 8498
303 8574 4616
3915 8871 250
4215 5558 692
2686 4110 5211
7275 744 8748
6872 8656 7374
7137 3797 828
7326 31 7850
9862 8459 1816
6022 1775 2815
9252 7039 4874
2224 9185 6346
5730 4655 6976
3005 1911 8856
2875 9999 1370
1145 3377 7228
3696 7003 9494
9519 4446 4748
4924 879 2224
6469 4365 6659
8429 2040 2382
9739 2754 314
1163 8180 2244
6918 576 1921
8466 861 1379
1061 812 7037
3527 1631 1996
7224 3842 313
3740 4144 9638
3383 7237 1612
2386 4082 9584
9771 553 2230
3520 1239 5264
3473 8905 2695
9004 9596 8380
4523 4827 2032
2253 65 8629
5514 2692 2232
6841 990 2480
2401 2 1592
1627 6363 3885
760 6022 8030
5889 4211 6924
9471 9031 2254
2757 4573 4401
1203 9852 4497
5730 4218 4430
9864 4560 6661
619 4009 2451
7859 8223 7804
1061 9625 9533
3741 6935 2373
607 238 2495
4320 121 23
5605 4350 6341
2063 6419 4275
2954 460 7723
3195 3275 1933
3653 7977 9725
608 1935 435
1255 8327 8782
8422 9730 5606
2441 8863 6170
7804 9223 5257
9382 8462 961
26 8749 4372
1161 4222 7934
5398 7277 3275
4045 7000 218
250 6891 628
5980 8034 3948
4407 3871 2339
8401 1599 9673
4440 2093 8003
5842 4840 1141
6422 8378 1054
7335 7635 8415
6048 4146 8372
8163 274 250
9953 5018 1095
5351 5982 1513
408 1399 7879
3492 5323 6371
1907 5200 6524
1549 7806 1340
4304 9250 8853
2258 6235 7709
2148 2713 5407
3885 8988 2517
8743 6428 5372
790 4305 6798
6361 2120 1584
5263 7502 4019
6437 1873 5557
3958 1269 438
9407 9447 8941
9427 2954 4311
2047 4800 5139
9510 7540 4084
4634 5307 1969
903 9239 3963
497 6513 295
5927 1554 5450
1733 1041 2632
542 9357 946
1862 1216 866
2049 1928 4802
3062 136 2001
3504 3527 1765
5574 3555 1540
4332 1980 261
9992 178 2645
2708 4101 9419
4581 132 5956
6602 446 9896
7897 4000 1934
7361 2705 1307
9859 8675 232
4341 1111 8033
3924 6131 4991
1280 6480 2990
2303 9345 2996
9822 7135 8240
7401 1914 3662
1269 2482 9191
7068 4850 7371
2081 4909 3375
5137 7540 7853
3456 2656 5426
360 859 7106
8469 6392 8118
1243 4747 7968
6786 7783 8669
9942 605 365
5566 7771 1845
551 2043 9277
4971 8990 3158
4656 9257 2537
3042 2743 1731
8013 1960 9472
5477 5248 8328
1026 7862 1991
5901 9975 7770
3575 5538 6634
7474 2004 2593
142 8632 6332
9317 1734 2754
7276 4624 9311
4319 8976 2090
9890 7958 54
2579 2432 3642
1275 1 1439
656 4372 1112
828 7448 6523
7401 8955 8389
814 6343 2754
3896 5685 9912
1457 7045 5590
8407 8509 3373
7156 2648 3597
2295 1375 9810
3676 898 1221
6999 1885 9577
8402 2345 1770
7523 9709 5974
5475 4772 2427
4700 786 3694
5872 9180 583
6860 9546 9271
5097 2251 534
4657 4996 5723
9587 7955 193
6578 6340 6514
5149 2344 6350
2690 5543 3488
372 6660 9885
6513 4727 6678
1982 2339 6610
1687 6369 8622
832 7575 6185
576 8436 4509
334 447 5608
9678 2186 2741
2047 4957 193
4083 6559 2541
3626 9096 8218
6841 3756 4313
1671 1354 9001
700 1781 2923
3954 3393 7213
9277 386 3464
2643 5047 983
5026 3671 473
5825 768 6219
715 8337 9031
3450 2361 9001
6355 7108 7585
1019 110 5000
7879 7057 5139
7725 1411 8069
9646 4235 401
5052 8115 1867
3858 6194 5417
8554 1438 1548
299 8129 3100
7721 4361 6460
9267 7857 1066
601 7469 723
6656 5294 6527
4578 3042 9414
1070 8565 7725
752 2572 739
8927 1747 9451
4810 7755 1109
3733 8535 6468
3980 1696 2669
1889 3863 9387
651 7288 888
461 4269 5167
8149 2110 8725
1113 7044 7799
5939 5385 8934
7480 5037 9619
2086 2313 6324
7284 7207 4117
7460 3724 2432
4242 1562 5306
8953 2738 2104
8397 915 3570
3708 3210 765
3336 925 3258
2211 9472 7517
550 1490 5177
4272 2167 5146
2147 7053 2183
4321 4947 7741
2015 779 459
8962 1239 3861
3881 148 4969
2257 1958 684
4051 9834 3446
5819 5463 6203
418 1271 256
1682 3020 744
2337 7350 7872
6727 2511 7707
3119 1998 7840
4304 9282 723
5428 8503 1262
4215 2430 3422
5 4723 7302
6410 1283 5072
9212 10000 1415
7531 7240 1606
2257 1017 1389
9287 2090 4669
2966 400 2183
5417 7663 6921
8861 1646 3783
8868 5107 2472
8935 2608 4068
4939 5512 9334
1285 6324 9772
8746 5222 8977
7821 5615 3145
4864 7136 6765
2152 5318 8417
1514 7466 857
2795 5003 1031
591 6856 8727
9529 1827 894
4943 6957 1098
3106 2461 723
5953 674 1750
1045 6177 1254
9664 9833 1855
5650 4231 1854
5470 8374 6237
2654 8215 4515
9089 9609 4304
2605 5159 5945
6218 6806 2483
3458 5321 1917
6782 6936 9074
9239 779 4544
2053 4201 7488
9302 2001 4027
1352 5918 5334
4227 4771 4270
3352 652 3876
7625 4646 8102
4088 1371 24
7896 1447 2048
2080 8418 7
5626 7832 1040
4525 590 176
7965 6135 5835
9582 388 6428
9336 9179 297
6161 7194 873
7296 2056 7325
8601 6115 921
2891 1894 3649
3277 414 6502
6488 1455 5327
2050 5447 5847
8805 942 5724
3198 4846 4847
3878 218 8021
1924 23 4468
8084 2412 1558
2183 4640 5508
1293 8203 5950
9211 2868 8050
5463 532 7414
989 4641 4116
83 7295 9725
2630 830 9583
9048 5080 7428
3175 9870 842
9774 2592 250
45 7109 2509
7482 2588 160
5195 8826 8096
9852 5532 6077
6771 4357 9018
5003 9620 3598
5584 3104 1406
1276 6736 6754
8006 6701 7150
6461 1091 2269
3980 1547 116
340 3741 2976
2185 2177 5536
7100 8938 2685
7954 2061 169
652 9261 8976
126 8429 7120
678 258 2459
2186 1873 5615
6677 920 4119
183 8693 9861
2657 469 4206
751 4700 6229
8680 638 245
8097 4949 3408
730 3565 4274
8747 3657 1467
5273 5241 629
5591 4420 4002
5618 1402 596
8489 2854 7985
1045 7536 8155
4923 9913 2573
2681 7301 5647
9702 2274 7906
9542 745 7555
6620 5075 2290
1746 977 5852
2973 357 3397
1839 8038 329
7600 2722 9726
4656 5013 2560
4855 4391 6032
9693 701 1689
7571 9228 3526
31 7728 4857
7447 5514 2408
5842 775 7069
4725 2909 1981
3712 4789 6806
1749 8415 2407
8343 2490 7965
1372 2816 8508
6077 617 9569
792 7418 7096
213 7931 4251
2900 7548 7924
1273 3597 8476
5637 2456 4755
2979 1914 3759
6001 6048 2082
2349 5533 1003
6039 7671 2289
1562 4671 756
4238 1056 2665
304 1048 1272
2045 209 7497
3583 6278 3478
7972 7812 4382
164 4610 854
3821 5541 1147
6467 349 5736
947 8041 3793
644 873 426
3890 1571 8424
9460 8598 7235
4194 8007 1073
6012 7093 1664
6309 1694 1201
5032 9536 1458
9338 2350 5680
5025 1171 4074
2881 6716 5829
7814 7160 206
2589 8441 1728
8967 6208 6637
7796 1548 4711
2368 5236 8130
8766 9809 3209
2998 1310 9785
2463 4257 9956
1542 2395 5684
428 7819 2083
4557 1624 9705
651 8894 8020
4810 7058 7279
2125 4410 3630
5796 7603 4772
3595 3098 2800
6000 1869 8149
1441 5302 5075
8254 4516 1825
8566 4680 5628
8526 8144 5831
5752 1356 9533
8455 105 7851
2062 2619 2212
3921 9162 4512
5756 1982 2992
3054 9277 7540
9635 7123 7094
512 7063 1506
1510 9323 5719
2857 3072 1660
7324 5472 9897
1434 4938 4328
2432 8814 2236
2223 2948 7334
1619 3149 7180
5404 9110 2964
5955 2752 2485
6348 1650 3462
6959 432 3699
3945 9545 1337
9709 2861 6433
1244 8950 7924
458 9458 8179
827 6386 3397
3372 9544 684
4669 2234 2141
9882 7864 7626
2693 6096 4228
3613 2362 1077
3224 8109 6630
5426 6631 2077
9642 5588 8219
4837 8773 2143
7712 5642 1664
8332 9045 204
4763 4677 2957
1931 8412 4848
3915 581 3264
5832 8387 1074
71 6277 4730
9444 9336 8440
5523 131 9688
5456 2592 2688
5720 1912 2170
1002 6498 735
4899 7193 5463
9902 3876 1342
7840 8565 1819
7086 7568 3988
129 5539 4085
8258 4337 4968
2282 5062 2955
5120 2560 7248
7863 1902 7057
6906 7897 33
678 4041 9531
6825 5139 1298
2504 1716 5926
1660 639 5378
5262 9788 9978
2575 9307 499
9795 2392 5006
1460 8614 4469
7994 1012 8659
614 3803 8429
3637 6389 8663
295 1573 7560
5548 734 370
1130 1105 5314
5036 3489 9790
3853 434 1161
5283 7029 3390
6454 7010 732
8635 7963 4833
1819 6909 5696
6298 4714 2883
1609 2319 8269
792 2122 4995
8065 8219 8307
3692 4012 6973
9897 89 4794
451 9869 8963
7948 4068 5101
7114 8432 1134
4971 7623 3576
7375 2758 7612
3689 46 4060
3683 3866 4252
1977 7286 6249
6008 8796 1404
5553 4011 7343
1655 2616 960
2386 4706 1140
5311 7783 9632
8747 2385 5516
4491 2440 3183
1675 7364 207
7051 2754 9433
5243 7383 4558
9 6235 147
1560 9369 8282
2075 7308 5474
8729 1049 3052
5980 6094 6199
5449 2667 5559
1698 9208 2033
8943 7526 2767
6203 3288 1208
1827 8124 9396
150 1567 9017
367 6263 2388
1822 1087 7155
7 6320 2524
80 5797 1957
1784 1410 554
2582 5209 6542
3543 5952 8628
3663 6149 267
1641 2871 5001
5718 8338 6414
3444 6712 7922
9192 7719 3173
6171 2545 9927
9993 2032 8337
4137 918 6025
159 8758 2293
2669 3596 3900
9362 7588 8748
5142 5016 8142
3313 6649 8347
2920 99 6599
993 7863 2989
6342 765 1809
5434 1991 552
501 8081 7771
8552 9944 1085
9987 209 900
1524 2485 13
7989 1705 7338
8638 8122 255
733 4020 4545
2437 1711 3547
6088 8162 2170
5527 1294 308
8160 8609 2583
8026 3220 5188
2447 1832 5670
8531 8734 5440
9386 302 5308
2589 6296 3109
1078 637 6337
5388 2389 5784
8195 7085 8186
4427 1470 1320
9524 4493 9127
270 7091 8866
2126 1328 1281
8411 443 7715
220 9670 2574
5560 2804 1520
7081 6960 670
8907 3189 8038
4475 2564 1437
9811 8377 7958
1157 9414 3647
3671 1558 8196
8059 2212 6782
2114 9212 2425
3212 2007 812
7755 2381 228
9813 4217 3493
8686 3015 4903
613 3903 6603
800 3858 9249
6108 9668 4972
2953 6889 3594
1920 5009 3686
9956 3536 1801
5076 5549 4379
3914 8420 9691
4253 6156 3447
6466 835 6099
1159 5973 3048
617 7885 1348
1083 5651 7752
1391 4538 9727
8549 2849 1587
8184 6336 9373
4920 343 1025
5055 322 2496
5114 1919 5991
2597 9664 9652
382 8038 9547
387 7290 2162
744 2364 7476
1354 1081 6947
2130 455 5709
2853 1733 7922
829 5254 288
2338 4225 1046
8922 6775 2661
5628 517 3451
9435 753 7675
8833 5079 6688
782 5457 5385
5899 4431 5895
6326 9364 4083
4975 8761 3386
9504 5448 3385
8837 4115 8729
6211 9225 4028
7860 4227 8457
1403 18 2571
4057 6992 6605
1588 6046 3324
2057 850 1306
6553 8126 643
8123 144 527
8642 1531 3544
5778 9916 5047
4290 6160 770
5359 3759 5115
5432 8964 1808
1008 3903 4975
5820 3263 7068
2669 7071 8167
6732 770 9943
690 2592 1920
9653 4525 9601
2734 4006 2184
6026 6318 9996
3153 5003 8052
4972 3401 1594
5982 7250 1478
7097 6220 1441
6210 9205 1686
9294 1859 7635
9312 2209 6196
8715 8668 9829
6256 1962 9744
4244 4495 1486
3238 6595 8400
2081 1502 6022
4133 6661 9266
1125 4949 3604
8871 7111 9402
2615 4679 2386
9681 9771 3074
6931 9334 8663
5491 7486 9652
3831 9200 4647
2501 5759 1144
6276 9705 5726
2743 8475 6984
9806 5019 1955
6820 949 1306
9290 2290 1607
7971 6626 8989
7133 2741 1951
287 2834 3202
2850 8813 3859
9517 8811 843
2467 4585 1875
5042 201 7169
8162 5414 1598
6957 3378 1601
1675 269 1472
8116 9124 1571
4643 79 4259
4596 3854 7503
266 4593 2973
2483 9536 7472
4596 1361 2167
1795 5820 7030
3084 1948 2415
8380 2303 9712
1387 9504 9928
8099 8655 1141
3329 7471 1426
6186 1763 516
2429 8741 2451
4436 2790 1283
605 8202 8605
741 5105 5755
1184 8455 8026
904 4543 4157
1878 9899 9861
2615 7634 1674
6275 6653 6554
1344 9845 1357
3571 7979 7263
7259 9516 8422
2355 8768 1181
1384 6171 107
8457 364 5106
1217 3695 9638
9351 982 1678
7818 2264 4900
4504 6236 9568
964 818 3612
7889 8108 8622
8998 8384 4573
2339 6988 4080
7605 390 7825
1369 958 6324
4269 3664 7389
4835 4871 383
1945 5518 5750
9952 6024 1850
5386 4209 1409
5074 8380 3139
829 1934 9480
2851 8752 4905
4258 5492 632
7910 2863 2540
6466 9741 2565
6999 915 6735
6165 9924 4566
1372 7953 2158
9235 3241 30
5675 818 9668
8969 3825 5790
4598 2634 935
3359 6419 6333
4770 8096 6725
8501 8467 4647
6667 4032 3134
1445 760 3143
4519 1214 9679
2373 4946 6244
1079 6673 7115
4103 7408 7913
529 2194 5488
7269 2698 1276
5781 5767 4152
2118 8660 5744
491 9016 1990
4961 5213 2210
8822 1031 6690
9756 6740 3406
7790 2347 1083
1885 4242 6141
8030 6964 6193
1123 4022 2258
3118 8116 523
4327 9293 9462
7794 6727 7639
4108 7528 2564
1499 9377 610
649 459 6313
6849 190 9754
1306 1220 599
446 1129 5431
1559 4401 1063
8460 4840 9733
3276 637 2995
8197 9825 9810
9184 8725 5484
2024 8796 5376
3752 1894 7356
3058 3562 8460
5554 2259 3229
6593 7818 8917
5992 8733 4643
5568 5143 2077
2320 524 7183
278 9207 1227
2019 2639 913
246 9728 6684
6534 2580 3549
1752 403 1512
2440 6956 1536
138 8394 1791
6904 6045 6972
160 83 3520
1134 1460 7600
3269 1283 8823
9609 3866 2263
3059 9785 4026
4448 4107 3398
1204 8862 9809
9111 6056 2141
1885 9394 2286
1721 7480 5761
9730 5808 5457
961 8909 6976
4801 3651 8953
5284 4281 64
2243 9709 1153
2027 6798 1042
1059 697 2753
9950 6231 2864
1189 8415 2487
2361 1009 2774
398 3416 6602
8026 3470 2337
3036 2488 7011
1805 4532 8211
1593 2888 6550
7091 7554 6705
2330 6401 2293
4482 5560 1716
7267 9414 1855
2503 7695 1831
5443 4049 5070
1733 7562 4647
1034 5725 6792
4893 139 3465
3996 9053 922
2373 3154 83
7906 5713 3125
3969 1196 1723
8603 944 6942
6576 5559 2202
7840 9470 896
1626 9326 2641
6719 8776 3616
9086 8952 1588
5721 2862 7305
6119 8299 2028
2487 4526 2229
3780 3189 2686
8083 1375 7688
111 2593 5002
7483 8038 8478
627 1213 52
1543 901 2445
714 9144 2361
645 6315 4131
2594 5923 3211
506 3518 8393
5376 5555 1232
2500 2514 2961
4369 9270 5283
399 3702 2605
2619 3796 4342
1944 2985 8943
9641 9090 86
9706 9180 3651
8516 1819 9795
48 7922 7432
1546 4304 4992
3464 5700 9773
2734 8297 5322
4921 8223 8789
8993 9112 5756
442 4395 2700
1487 992 2050
5263 301 7086
7913 6575 9512
7488 5489 8620
8865 6953 6209
8775 376 375
5937 754 5358
2424 8067 5808
2571 2266 5551
6692 2103 1989
1018 5447 1265
8768 4156 5552
4736 2759 618
5903 2499 8680
5242 2075 5680
8341 5108 8241
1468 5725 768
4398 6185 1666
2886 6506 9375
8646 8124 3769
1813 6177 6425
8328 5430 5595
345 8808 8849
4071 1334 6009
3610 6247 2979
9592 3501 564
2299 8732 1788
7790 4617 1160
9273 980 4809
5654 4321 9055
4287 271 7766
436 980 6313
4500 9172 9545
4327 3591 1883
7784 855 854
6059 5462 9081
9544 2283 8289
6922 6086 2626
9206 234 5234
544 2546 2539
7742 5165 2748
4863 7690 6361
5329 6727 869
9445 1806 1199
8176 163 9670
9525 9647 2825
2282 9959 989
8027 29 9079
2695 9603 4623
2315 7411 9173
1262 1567 7373
6428 3985 7710
2043 769 1031
7543 7105 9674
7252 4489 1134
8100 5911 1746
44 4567 3098
377 1572 5842
9224 6588 119
8634 3788 6834
1225 8134 3630
2266 8356 3903
2367 2184 2307
6349 1632 1853
7649 1956 1599
5232 3724 6280
1874 6844 2276
1555 1462 7227
3287 6879 8491
1483 4270 5708
5217 1961 9306
8394 7715 3750
475 3664 6806
1457 6518 3771
7124 9576 7114
3408 635 1495
996 515 9381
6491 2916 1196
2700 1662 4680
7511 7960 2626
2933 7361 4732
7367 9122 9551
1852 5785 921
5097 4571 1907
2674 2346 9478
1277 4756 9985
8510 1788 1785
8015 2226 3013
7005 7620 7736
5282 7029 1039
8684 9527 6833
673 9280 1459
8112 6423 5304
490 8762 896
1296 8646 3625
1074 1589 5410
1706 9894 6672
4419 3190 150
662 1090 3167
6558 8617 2247
928 2166 927
1281 5804 3274
345 4148 3030
7997 2071 2340
3233 7069 1624
1056 2182 8651
1096 7250 9269
2946 4937 899
564 3519 9681
7756 8489 4291
4697 4394 6938
813 6937 7639
9852 1629 3307
1317 3363 184
4316 3695 8217
7403 2382 1727
7713 696 7617
9958 6151 9501
5953 1481 5817
8879 9668 7930
3643 407 5399
7828 465 5539
5408 5174 859
9989 8081 349
7913 5825 4471
9267 9469 4524
3881 3042 7841
6998 6160 4578
2940 4932 5198
3447 9117 1151
1281 8884 4999
2280 4033 2919
6883 7357 4252
3872 880 3145
179 7368 8213
7454 5891 1653
8445 8845 8612
5065 1216 7034
4774 4510 7629
8984 8219 4521
1655 2189 8867
5776 807 6121
5688 481 5352
6975 7831 547
3846 1969 3479
2758 2348 9003
3910 8573 185
4081 8078 7655
3042 7213 9664
5509 2849 886
6162 9462 2883
9065 3217 3354
1191 390 6576
1125 8822 6500
9721 5424 3857
7877 9159 2882
2195 9628 312
4567 8195 1736
7674 1113 8485
8105 1777 1213
1407 4242 8534
8996 8806 4720
9875 7014 1976
7924 5743 3140
1266 4968 2713
2789 6893 2830
6760 2836 9594
9882 8865 7593
9561 4915 7333
8304 4795 2739
5751 7617 7984
2137 2143 2590
920 85 5298
1743 5336 1039
2302 137 9389
6636 1580 342
1866 4866 3125
6457 5700 11
1486 5195 9835
1739 5351 7001
1952 8308 5432
8596 4667 2029
9401 3978 7281
1961 692 411
6379 9193 967
7880 1976 4396
2015 5376 1275
9803 3462 4608
2696 4428 3138
2805 8153 3643
5619 2013 9256
6166 9416 7620
950 862 5545
99 8669 7898
3714 1009 2089
8559 6517 7457
3307 831 1688
3062 6082 6770
5811 8600 1025
1 9699 973
9351 5369 9335
2415 5967 127
4453 8804 8206
2716 8650 4925
7948 1316 8467
1117 4095 6919
4857 398 8688
8222 7489 931
9124 971 1041
4007 2150 2230
734 2604 139
2206 6054 7724
668 935 4802
5855 5209 1155
2385 5635 7948
5329 5507 8965
4193 2600 9198
6972 4446 243
2752 4397 2352
5393 5625 5143
1324 7373 3321
192 1873 5521
8170 4487 199
3494 8410 3129
909 8587 3255
3676 8053 2744
2900 2369 8824
1712 8347 7242
7934 8559 5563
1227 3418 6332
568 585 2061
2020 8221 5175
3313 4458 8139
2460 5191 2402
2434 1806 3367
5195 596 9229
8670 3297 9634
9802 1832 1967
1177 8951 7528
702 2157 1544
1850 629 3535
9358 6132 6286
2642 286 625
4239 4019 5668
1763 3657 3253
3718 3577 10
6576 8451 1228
3649 1141 2082
6176 6096 2163
4106 2628 3901
6285 3357 4582
3968 6730 278
1862 6150 1307
8910 4618 5103
9464 6868 9831
1244 3691 3047
4413 7074 6196
1763 5420 7394
371 9626 7748
7372 4139 1750
3658 7837 5378
9791 7661 7048
7952 2607 5837
7284 4329 6782
738 1655 958
322 328 5018
5789 9099 3388
3741 56 5560
4723 2286 1188
3493 7085 7913
4479 5835 4830
6359 6085 6327
2833 6642 598
9872 5663 5056
2092 4760 1845
5229 2293 3500
5216 52 3566
6296 8189 6206
4352 502 3639
8538 6676 7101
9361 4851 1681
2875 3087 7478
1504 6332 3722
7306 5371 7103
2738 1761 5903
4349 8199 4285
8385 3668 242
2825 7496 4182
5611 5679 2584
5989 2165 526
1894 1751 4396
4157 1551 2593
4690 1663 9480
5525 8594 9671
1332 5301 1188
6621 9050 1117
1937 2306 4217
5768 3886 5033
1733 4654 8154
9448 3848 4625
9618 6793 5590
8334 2177 2351
8253 8978 4157
3547 8775 1983
353 7679 5908
9737 7224 3023
8504 1278 5372
553 372 7305
6707 4244 2415
4731 7427 2578
2840 6048 805
1097 1256 5624
7338 968 8786
9225 7033 1925
2898 4429 2080
3052 8297 8884
9783 4047 8747
8933 2689 4659
4736 3461 9231
6011 7659 2077
2445 8979 9851
5866 1561 1368
3305 7517 3618
3146 7451 4796
7119 816 9045
1177 1492 3590
8825 5485 1593
9702 2416 7770
1010 9740 6320
6451 8538 4525
2028 8421 4102
7573 9712 1191
8744 4165 3658
260 461 2572
9676 5893 2007
5639 6388 8427
951 7635 7887
1022 6408 6922
9660 3833 1041
9756 4205 7225
2731 9195 1012
1665 1756 3361
8380 637 5762
6801 2393 2461
9189 7948 958
4217 313 1502
552 4730 224
4078 4237 8477
9001 2337 1544
6583 1952 9212
302 5470 3702
8067 372 1014
2819 4654 1880
8790 8758 2455
4333 8900 5761
9581 2392 7443
1675 4916 3614
3759 954 7886
6701 4036 2407
6741 3883 2300
4789 5921 2123
9613 6073 4408
6792 7375 8697
305 4601 8971
423 9536 3515
2890 780 2793
5139 4746 3991
7613 9626 4307
485 4567 4171
922 3450 5090
6174 2389 2475
1011 7247 6815
1018 2885 8931
188 1610 2484
5468 6004 1714
606 7663 6690
551 1749 3193
6804 8949 2722
1858 3050 6981
181 6665 1093
2742 327 7130
1666 8107 3390
8847 1270 736
7859 9139 2307
2252 1137 7299
8983 4604 2401
6480 6616 2194
5629 8912 267
6494 5833 30
3490 9833 4097
1506 2478 6389
8503 4679 9008
2184 802 2933
7616 5685 615
4506 8940 4892
5054 7450 203
4860 4108 8883
2398 1296 2453
4719 3290 360
3933 7550 2542
4779 6226 8850
1746 1521 3649
8731 3941 1555
3249 1111 1988
2876 2136 5813
415 2266 801
1639 3468 3742
9080 240 595
2556 5258 8638
5523 8073 6467
8094 3947 7732
5324 7211 2594
9059 3968 111
8346 4299 2334
5054 7560 2051
2037 3050 2181
696 8262 5654
4079 1827 7598
2373 5646 8078
5921 8759 2595
7119 7043 735
4858 9243 2397
7942 1929 942
1822 4397 9223
2075 7441 2034
705 9504 7920
8193 4803 4964
7861 3643 6075
9660 9636 1842
2640 136 4098
6003 4399 7069
6199 2054 9256
4504 7290 2459
924 139 9266
3609 8692 6717
1266 9391 3776
2552 8785 6898
1203 6204 6098
9822 2233 7099
6566 3369 728
122 5525 2421
6799 2988 1399
2316 9004 6116
395 5014 1195
7877 8049 8989
3991 4696 9817
5589 8917 4009
561 6804 2188
2951 22 1240
1304 2266 7750
4711 9709 9592
6481 4603 7163
3732 9803 3767
1085 1320 5416
8219 6919 6404
1319 5458 4717
2658 6880 3634
1482 6006 1638
1999 8154 3918
4463 544 4596
4306 5651 6252
4501 4747 1024
261 8831 3649
2730 5103 4839
7530 6601 1989
2713 4524 4681
2688 8346 6360
5083 7658 5562
6167 6271 3023
143 2453 5851
450 8332 3385
3486 1417 5142
9193 2058 1652
2173 6405 3963
1470 250 1267
8743 133 7466
3768 7905 9563
7476 4492 2070
9095 9514 377
9469 2394 1558
3784 108 2033
5768 3461 3107
9022 1260 8415
264 9391 768
1161 8679 9996
4133 1994 2714
5468 6035 2225
7687 3121 1530
7625 4326 2212
7667 6605 2108
4611 917 6075
290 6440 8896
1219 3291 2624
368 830 2398
2453 2463 5338
8985 4255 1183
1046 9929 4701
7546 6239 418
678 8876 3732
6117 5171 5853
15 290 2328
6330 3836 8937
7647 1207 2665
8043 529 7862
3971 3000 4359
8309 5674 9445
7041 3982 4403
5114 4610 7096
8708 9418 3234
6409 2667 5018
5137 8641 2331
7044 2945 9319
7278 4666 7993
9406 2061 9995
3668 8729 5540
2683 6986 3625
1637 8787 359
4700 8214 777
4802 1283 2496
2166 8239 7205
7217 1916 3171
2099 1825 4032
5842 996 5724
2170 4358 9988
4696 1477 8775
3073 7881 2608
2280 7999 9249
9903 2669 6156
503 5502 484
5447 2551 5840
2357 6695 2046
8246 402 8273
2267 8140 1316
4830 1432 3924
7512 9893 4115
1747 7975 1651
7978 4480 3316
1457 23 907
1640 7997 9470
1182 9698 3658
9313 4543 4235
2664 3697 8749
789 3471 5684
415 1650 7702
245 8476 2762
329 7655 2519
8139 4808 7459
3315 7706 8299
4797 8549 4162
514 5188 257
546 4258 4246
6542 8968 5253
7175 8715 1127
2738 7893 4367
8337 553 1999
2155 3780 1240
3674 4143 2587
5243 885 205
1423 1553 7133
2032 3570 6359
5136 5713 9503
8794 9841 5327
8102 8015 8304
6745 1040 4331
1263 9370 9323
4976 1817 1839
7070 1307 1555
2189 3857 6304
1933 1260 511
8522 1618 4729
5184 3297 4203
3846 3102 3081
2372 255 5161
8563 8610 4749
1283 6299 8130
2786 1766 7680
1583 8775 1965
713 8942 864
3697 3696 1683
8663 6610 6946
2157 9701 769
6984 9150 4263
3479 1670 3613
8676 7358 690
4259 7949 7147
9899 144 6145
2045 7729 1235
928 3401 1143
7263 9595 310
2711 1386 672
6957 4364 8153
6938 8547 9895
9678 7117 5603
615 1889 6568
3884 9487 3294
9348 6755 7891
4457 5135 5749
9310 6411 5110
3614 7489 8975
1973 3876 4822
1406 7799 8856
8757 4497 595
5948 7922 4596
8636 4508 6413
3785 5133 379
8983 6695 5258
2122 1772 7530
2375 4917 1724
7388 6966 3204
8911 4790 5756
5498 2796 9515
2159 2445 5138
8168 7287 2386
6547 122 65
6357 884 6908
4210 7232 4506
1787 5304 4276
1777 5796 5708
8043 2162 9088
1633 8366 3303
6448 1153 3785
5579 6417 3651
6227 1726 6108
2258 3725 9136
2647 8726 1850
765 9891 6094
2982 7562 8833
5185 896 5170
5002 1606 8361
7401 1072 5853
2600 65 2239
9780 8272 8944
1930 8245 8767
6539 7343 1506
2277 5879 432
8013 51 9822
2388 5 916
3718 5499 5618
4203 6895 9156
3477 2792 9340
3073 4144 5003
4568 5949 8468
3233 6544 515
4166 8703 2504
861 1371 9575
3145 6387 9103
2856 557 2317
2098 3538 4718
8568 3393 4779
1692 524 9944
7474 4994 9468
4341 3035 3682
2387 2687 9397
7156 9568 6774
3031 7880 7738
1707 6358 6895
6353 3718 4993
9744 6910 5451
9799 6368 4990
8614 3272 7508
5164 8268 7757
2031 6505 7587
1457 8549 7387
363 1173 1909
5593 8147 1585
8597 6244 5474
2587 2678 2520
9658 9553 1828
6130 7308 5100
7887 6358 9161
8696 9320 152
931 5444 4943
7844 8333 7867
747 570 6351
7723 2582 5270
4737 7028 4857
9502 3619 7437
6691 13 5266
1400 1056 964
7369 4060 2553
4436 8996 7365
2551 3593 6287
1550 6105 76
6051 984 8893
2583 6904 4651
5016 9920 775
2090 1125 3361
8488 6531 253
8600 2197 2055
408 1717 9499
6041 2592 100
2620 1193 6889
1850 3439 1838
3012 3380 1815
6836 334 2331
6261 4016 1226
5503 8276 631
9547 7461 2119
1945 9803 9924
2652 7578 8841
5895 4490 1325
1520 4397 7852
7690 3524 7837
125 226 5514
6395 1718 1514
5631 9743 4534
9857 57 5387
854 3813 4828
9699 714 4968
8600 8565 9379
9626 4042 5849
2830 9412 3506
5779 3050 7199
2382 7201 1012
2610 1345 4110
690 5005 5135
5771 4291 9894
8237 346 1616
8395 4881 1763
2935 1634 557
978 3962 5452
736 3898 9168
1777 601 1812
2652 129 2128
4904 460 9633
595 1684 5915
1831 9646 5158
556 3831 7611
3031 800 1203
9123 3598 8841
1665 236 8264
241 5143 9618
4442 5081 3587
4447 2998 8877
5257 162 1404
2521 92 1237
1684 8945 4879
6989 8139 1460
587 2380 6264
898 7429 2938
1705 8181 8466
3493 8924 6426
8856 4590 1847
4604 7512 1806
1713 4486 1420
2625 8185 2646
296 834 1317
6350 7102 966
4268 8650 2767
1868 4743 4946
5093 5983 5311
7638 2949 2361
6105 209 5105
6586 4267 408
4381 4558 507
1084 295 2684
3280 5981 7472
4833 9667 5245
4286 4115 3064
9642 7717 3278
3337 7586 9522
6647 2965 3585
9719 8467 5888
3657 2478 8042
9175 3151 7005
2468 1040 8057
1917 1188 7455
7362 3593 3801
5988 8821 581
3241 6130 4409
9237 3406 1557
5709 9933 2060
8708 6558 9824
8555 7938 8322
2392 4601 4007
2121 170 4892
674 8100 860
1546 8028 8555
7083 3425 6942
814 202 8355
560 4325 2044
2461 792 5052
7315 8087 4839
1258 6295 1722
383 123 1862
3409 2754 3540
9587 9068 352
7219 8356 7610
3340 2725 49
8982 1067 1037
200 970 8948
8751 3900 1947
2601 1891 6553
2094 5744 373
8613 482 7701
7236 3501 5878
7667 6085 8474
120 9485 9203
4643 4731 9995
2730 2111 6396
7073 4318 5985
9634 5965 149
5188 9550 5948
5819 7066 2952
3006 2461 8240
8646 4537 9437
9990 6626 4782
2594 3735 7233
3827 3913 3854
2532 5616 6650
1042 3948 2780
4326 7508 3332
1779 1738 9331
2539 8911 1439
2168 2737 291
5771 321 6197
2948 8757 4076
1775 8399 5604
8725 8533 2071
1759 188 3839
1617 8434 4891
5037 1711 2510
3079 5321 4818
2603 5145 6075
5267 4967 4180
7793 3997 1010
1985 2715 9627
6065 2401 4479
9368 1810 6014
3443 2022 1990
7914 8512 7672
4490 7097 8183
969 3631 9376
4826 7299 9819
8955 4904 5141
391 4846 5963
9838 3051 6806
2895 3147 2778
615 5568 8504
4840 2916 4801
1654 578 9660
6852 4477 8154
8609 1494 8889
5761 373 5343
2458 6326 769
1657 8829 5018
7682 1066 6255
929 7576 9319
5016 856 1022
2904 1470 775
7667 5033 6350
3393 8125 6192
3754 2454 6826
9260 4623 7516
118 9101 7328
3056 2579 6853
6798 6696 4566
1187 5485 3372
3537 1390 5853
1103 5997 3086
1132 1569 480
7214 3366 8557
4367 9840 3776
9053 8364 7061
5787 823 6547
7067 1663 9573
59 7830 5863
6583 7445 4853
3547 1565 5912
4697 9215 6573
2452 1451 2436
2691 5258 4010
133 4738 3986
5365 2783 7601
755 6662 3583
3688 2136 6184
7306 5132 6395
2579 8538 9152
9394 386 4723
2565 2373 6117
7769 6392 3955
2074 3057 2716
3409 3207 3192
2209 6473 3549
1096 6383 4576
3883 7675 6363
7724 422 3297
1449 161 4211
3685 6653 5259
9318 4316 8649
7042 1474 4353
8532 1379 3292
7226 2675 30
474 4786 731
8619 2203 9004
6139 3027 7962
6839 710 4215
6961 3526 8875
7446 8190 8632
179 3781 7445
8655 6257 8787
7889 6449 448
2898 9421 7430
528 1136 1071
3501 1667 51
9581 8875 4541
9582 488 1730
6369 8115 10
4610 213 3546
2333 1523 8603
1000 6538 7858
4290 7394 5893
8942 3966 580
743 9948 3930
5783 8141 864
9695 5994 3733
8573 3423 8637
2643 1468 3527
1521 1460 6957
5202 4685 5112
8971 1343 1322
2633 4770 280
4633 8374 1360
5929 6560 7341
6551 1931 1182
2711 277 1739
4501 3152 1457
1545 9332 9023
8754 1211 1075
8525 9232 501
1829 1817 9460
6661 6455 4975
4321 6984 4251
575 5109 6489
3038 9738 5564
8808 6524 2636
5312 9100 9229
3363 5734 129
1726 1044 6460
6230 72 3330
3890 6941 5158
3922 589 594
6468 7074 6936
8556 916 8388
7294 1875 582
9960 806 230
4686 6418 8654
5323 3897 5863
4045 1793 3393
778 7630 5938
818 567 1645
7805 8540 4194
1190 6966 4265
1176 8532 8843
1276 4528 4132
3332 7060 4299
2653 6039 6053
7678 5923 33
7826 885 3879
8850 2822 9884
4420 999 5037
2601 9766 539
5055 1578 8145
1201 50 8269
7112 8621 1196
5127 6482 944
8701 2255 2498
1291 1933 2391
4616 6166 401
2930 8221 537
7720 7903 9157
5390 700 8831
8247 6759 9765
9084 6799 3745
688 837 3404
5594 8519 374
2609 5344 4568
361 1706 5212
5613 8892 6872
7202 9374 2472
5547 5790 536
9498 8809 9162
5198 7391 3641
3296 1417 5893
7143 1114 9284
7342 1930 7161
2007 6642 3714
4941 6558 1119
9249 1186 6828
3392 7766 2696
2559 8720 3655
4939 4644 1687
7750 4616 7697
5153 755 5621
3504 8018 8278
373 8366 3271
5469 2116 9642
4357 4581 6990
9399 3006 4067
2294 4532 9994
1484 4458 3373
5150 1365 775
5394 3842 4998
2896 5723 7729
954 1658 3202
6588 9475 1897
2235 7326 3352
8951 6911 7365
5693 6524 652
8765 6123 8545
6892 9621 6855
8664 8064 8448
7462 251 4588
1513 4208 1221
9636 4992 8331
3498 4139 616
176 3843 9086
6939 405 8610
4693 9099 9412
1886 6241 9875
1932 6873 1289
3846 8407 6507
2944 2327 5578
7250 8774 8782
6446 9061 5394
27 3530 2923
7452 1474 8940
5972 8883 3813
8009 3439 4143
8112 2738 4732
6627 9317 3508
3908 6028 6601
7016 2492 2693
949 2075 8108
2651 5909 181
4724 6258 185
5456 8646 9669
5648 1725 7530
2722 1152 272
2713 100 840
5612 7262 635
6046 9412 7679
2449 6931 962
1671 2057 1031
7106 566 1198
5508 8526 7068
6615 1553 4040
6304 7592 4746
1900 2136 4530
2602 624 8165
1091 6078 1553
4988 5451 518
938 1436 4523
9005 1467 7934
1377 6972 1843
2054 4784 2550
6468 8260 8156
6190 2998 5702
1709 5496 3004
8425 8301 8843
7986 158 383
4971 5312 3967
5565 1927 1465
7065 3725 9345
3329 186 6596
199 2958 4168
1283 9888 1932
1011 8169 3187
4308 9100 8960
9745 4922 8341
6391 9287 2303
7048 7699 6551
2457 3567 5533
967 1569 8907
749 5121 2579
648 8190 5350
6437 959 7791
9965 4719 1347
9540 4844 969
2921 5497 1692
476 7138 1225
2087 75 3056
1970 4968 7022
6468 3806 9836
9439 8234 2739
332 6065 376
531 4093 3763
7880 2317 3108
2035 5836 5222
4961 9772 7755
9453 662 4366
619 8063 4134
532 392 8586
6728 9388 8658
3371 1170 7698
3244 524 2387
9101 2680 2529
4067 204 2838
7623 7533 8497
4357 3768 1605
3000 9412 5412
3858 1459 662
7756 3818 2220
9901 2144 6219
2871 1142 5577
173 8291 6302
9677 2757 3346
9710 4218 1650
9293 673 2914
1038 7826 101
6560 522 6725
2335 4407 840
1267 9689 3993
1031 9182 2118
9227 7422 2665
3768 1843 5253
6949 9461 2221
6327 3399 1396
5704 1957 5581
4857 6615 9313
6687 4042 7815
2782 809 3428
9454 3524 7944
5137 3296 8876
6482 7274 97
4965 1369 9693
6420 789 2132
1706 6631 335
2967 6512 9923
7134 175 6846
3598 7632 3615
8755 4583 9900
3372 6522 7249
1707 282 8817
5016 4719 2974
2528 1475 3067
6226 9853 4684
5429 1621 1715
6126 4376 1460
8842 2643 9768
9679 2264 716
1921 87 9068
2274 2125 3557
2374 6474 310
7248 4789 1340
7429 5772 6436
349 3831 4647
8498 6552 6558
8689 2329 2080
5928 1870 1015
7998 6716 8951
8133 5746 3225
3923 3121 840
1212 1533 3143
5022 3840 9683
3189 5580 1846
3014 2778 6337
1713 3156 421
301 5825 4868
3316 3378 4824
5653 7912 4656
3569 2169 6696
6735 2179 3114
658 1356 3180
5728 6209 7238
219 5835 228
58 1552 9389
9498 6564 1821
1214 9259 1514
5325 3774 1373
5353 8782 613
8780 2416 187
6243 4359 9886
4539 3060 910
7734 19 1120
3116 6680 6961
1358 7136 6518
7155 9554 5937
136 557 157
3660 2429 1418
6224 2892 7027
2343 4726 7886
1141 4108 4634
1696 3383 6705
6566 4714 1184
6931 8187 2336
3360 3930 6549
1212 8474 9708
245 9424 1553
6032 3200 5589
1526 4731 5116
8425 2163 6230
608 40 6295
8193 9064 8969
4627 4673 2782
684 4048 1674
3954 9271 9268
8881 3580 3075
5042 4530 932
5923 1113 415
2021 5846 3945
9100 8843 985
8213 5222 8283
1661 6172 2984
2275 3370 231
9556 2092 752
5968 2453 946
9012 77 1916
325 1116 3698
8444 7637 3856
8981 997 1881
7485 2128 9859
6822 2217 4606
7516 2414 5885
9137 3288 803
1785 3262 7584
2930 7389 2183
1737 5475 8052
6211 3793 1004
9809 1986 1477
4639 3041 1122
2954 8213 2400
4113 3847 2258
1755 7222 8132
5073 5751 1912
2650 9441 5263
3232 110 7727
6380 3534 5203
4874 5341 1771
2091 2774 4167
283 690 7243
5759 6130 3813
3855 266 773
3876 3853 5101
8392 2739 2972
1019 1294 6117
4002 1781 4403
3607 2494 9585
3691 8326 7503
3994 2845 2275
1902 2520 1799
1882 4542 8448
5637 8989 6289
9599 3047 4258
6859 2979 2426
9363 7466 5818
9673 7472 8564
9010 1953 9665
650 6645 6391
7020 9982 9582
6439 457 7594
6504 5341 4056
1123 7243 9430
3483 400 6694
5768 3571 7554
279 2852 1144
77 6530 9505
9235 6520 8782
5810 2228 5785
7746 970 1469
2714 9074 9834
4049 929 2775
5313 484 5364
2443 9278 2951
2951 5629 2775
3604 4944 1582
9644 6349 1445
8376 1613 5429
1229 2625 2347
362 8895 9152
2363 593 4369
6370 5699 9401
7631 9591 3424
5940 6663 6805
6163 5398 3643
2086 1800 7644
120 103 9228
2829 7906 7124
6887 6050 8133
6230 4390 1018
7323 7671 2806
4816 165 7826
6983 6926 3591
2992 9743 3935
8210 1715 7518
8422 1285 9531
3410 7717 9668
2576 7247 4617
2144 1851 9047
2594 2637 7744
3981 3498 4112
656 8429 529
817 3961 4785
7687 6582 2330
4407 1186 1452
6554 9993 268
2095 9206 2707
115 1192 3307
1321 7040 7017
6653 176 825
2231 9479 5140
9462 4184 4303
4366 8397 8062
9461 483 5099
4544 4737 3154
6974 3332 6566
9450 7069 2462
1196 1451 9869
563 120 5522
8839 19 7229
6899 2479 4370
5146 5573 1215
9865 9822 5179
2284 7425 1464
844 7701 7295
6186 7315 5490
2874 2221 967
9014 7887 6134
3176 2450 7436
9476 372 1108
1585 9823 9728
5263 5825 9208
2201 7895 5358
1734 4433 327
2693 1277 7379
9146 2059 429
5527 723 1835
5387 6075 6942
6804 5196 9778
5892 8020 4758
8374 65 5731
5699 3715 1152
8864 9232 1161
9280 5039 637
9590 4930 1441
7134 3580 8210
3468 4532 4788
5400 2991 3153
5516 2343 9528
104 8749 1435
8490 1812 5713
7045 2172 4957
2276 859 2306
8007 569 272
687 4909 5410
6170 2266 9724
6625 8788 792
1634 4928 8217
5677 4009 6485
8004 3776 1423
7652 6294 1572
647 3322 2971
2501 1011 1658
6598 466 2486
2227 5365 3197
6238 2253 3925
2026 5607 2905
4363 7946 9892
5848 9375 7482
3373 8157 2883
9147 4730 9644
7476 3784 5433
5819 2182 2953
2290 3706 6554
1448 2081 9917
6933 6396 2389
6079 4042 5837
2096 8029 9072
6249 770 5808
575 4256 3590
8919 5538 8171
1681 7952 5200
7137 5566 4271
5844 9933 6063
4804 414 4378
2073 8341 5236
5990 6143 2911
1107 8134 5139
1288 9400 4428
7343 3137 6729
2875 9464 8082
2404 5256 4478
1401 5654 194
6307 7256 5767
1722 145 7990
9371 6643 1258
9710 123 5090
9121 1608 3972
8846 7609 2251
9721 5850 2168
1762 2540 9532
4432 2466 9509
9454 8630 7177
4824 4250 908
1506 3355 9541
2898 5314 584
9417 8774 2687
3801 1450 723
9391 4698 6160
4839 5876 1232
5760 9410 5678
392 7617 7155
2575 763 9984
195 4240 9139
9917 6784 8501
7896 8187 5993
5480 2720 2134
1744 9620 4652
2994 6429 781
9610 7583 3559
1866 8547 5102
8248 7241 7996
2607 456 5366
2435 7944 1308
5441 2057 3299
2746 6167 3794
927 1648 4498
5944 783 8693
4836 2355 6759
9496 1431 1006
6116 2961 9139
3099 8405 3937
6111 5208 8237
4087 2536 4204
1840 9116 3701
7482 4294 67
1649 7814 7375
8157 8443 6393
4080 3364 4642
3 2716 9259
8765 8219 3019
6395 297 2507
8661 5044 310
4448 3735 1964
9474 7045 4817
2373 4772 9113
3820 6946 8540
1833 78 4357
1754 4473 59
5375 3503 278
9950 5597 4098
1019 6105 4143
2692 2915 2444
680 3460 1342
7649 460 777
5349 190 4851
2 3854 1054
8509 2413 5619
6228 6871 4468
6563 2253 2326
6156 3748 7715
8938 1578 3447
1446 6179 119
9414 2031 3270
3716 5783 4020
2878 3027 8624
3155 3631 8048
115 1728 4048
2527 8526 2126
1156 3923 7774
5212 454 8259
8864 2672 5780
2658 1045 3375
3875 65 6682
4340 3016 364
3637 7915 3917
3726 5969 9076
1869 5922 571
4305 8077 122
7793 2540 458
3056 7490 4516
1219 7449 8137
3361 408 4388
5326 5540 6592
1993 8989 5400
8963 2759 2270
8186 3500 5119
1602 9663 503
9003 5574 3796
977 2886 3013
5821 1326 401
1063 2294 4712
5052 257 5725
3181 9413 9306
4320 6795 7346
4019 1410 7936
3084 5023 1947
185 5902 3158
5093 3783 4441
8039 3478 1121
489 4431 489
3625 4561 5349
3407 3486 4371
741 3115 5000
5978 4737 2649
7701 1254 1809
1508 70 1889
9502 100 4986
1221 9564 1893
9266 515 4085
3176 5512 9051
1879 8002 527
9735 8705 2034
7018 689 2987
3524 7317 6865
4874 6190 1158
5298 9224 5648
6049 9789 4813
1807 8613 968
5924 9521 5058
1101 8573 5447
3611 8375 7546
3398 224 5719
2695 2319 8952
211 5515 2349
4892 8750 1710
9922 5949 8566
9304 2247 2629
7468 510 4487
404 8720 4172
9315 2576 4614
626 2166 1810
5776 4267 182
5274 2379 3152
487 5387 3887
1963 4101 8560
5609 3208 7085
3308 5538 1915
4367 4349 3972
8704 7644 7693
4503 6889 4487
6546 592 8108
5173 7897 6725
4470 5443 7725
9650 7409 5495
6588 9114 8326
1757 4174 4253
7129 1942 1402
3734 2047 1416
1822 1180 9184
7980 3675 323
9009 6717 2239
8647 2088 8392
4885 6966 1229
1966 8464 1352
8770 2853 6983
6977 5714 4638
3662 9855 8911
7018 9795 6065
8098 1268 6209
1039 8772 1517
9538 4639 5059
8502 8240 3984
3432 1236 9948
7635 4447 1653
1686 3087 2043
9093 3456 3307
362 9476 5028
7654 1023 1386
7742 2950 2528
907 9216 3858
260 2537 5101
5123 2977 803
3677 4642 3449
6916 4425 141
4673 9339 9374
4345 774 6244
9822 382 6386
403 1290 2959
4673 9620 4194
8496 2919 1961
8623 13 7948
6343 9878 1425
293 3695 990
8730 479 4127
9349 6817 7577
1735 2344 9153
7245 121 8528
9700 7492 6199
1544 2206 9805
76 5031 6022
3029 8992 9994
2715 4864 9264
5838 6886 2421
4658 3165 2714
8836 8127 2678
1972 8418 197
3667 2667 767
330 2773 6437
5271 5811 2666
1898 2335 2139
293 8066 7912
144 2200 770
5545 1415 3588
1290 1599 8578
9264 3135 8802
2425 2068 6367
338 719 8020
4582 8333 1971
1627 3286 3668
7300 3138 5842
7975 3451 2481
6376 3272 4795
191 8584 3262
1175 6190 1938
6244 2218 6127
2126 460 1559
9335 9978 1603
4998 5094 5718
3965 6697 6618
3856 1750 1660
6457 4500 116
5442 9965 9156
9932 8665 6697
5098 24 2413
3634 1516 1599
2513 6673 1889
4334 1090 3222
1996 5595 8311
6185 9728 3187
1653 6199 974
9230 9001 6666
7345 9182 7803
1863 6584 1068
2117 522 5914
9342 3848 2841
5754 8026 1039
1600 2991 2449
367 2170 5298
8051 1637 2078
7570 4732 542
5754 9446 9882
9602 6650 505
1563 6776 8698
9765 509 1218
5489 5638 697
1398 4893 8534
6535 6779 7685
6064 3862 4233
6015 270 9828
2304 7927 1327
1597 5323 4831
7761 894 1146
4308 1882 688
1335 7917 7307
6141 2850 4258
5536 607 7535
3330 5719 2198
589 2245 4573
5310 4085 9816
984 9667 572
1136 387 8286
6215 5434 9156
1811 432 6382
7742 425 9773
1131 1509 2030
7889 38 1412
3261 5754 3092
9624 9030 3502
5914 346 3322
6814 2796 5196
5898 4110 7952
2499 2503 7226
3731 7787 1764
9959 7391 2708
8910 5872 2411
3883 6302 5265
2112 4667 5415
574 1577 4541
9577 1187 9867
2515 7640 5865
8343 5409 4738
2463 5164 5480
6226 3386 54
2555 537 8569
5169 8714 3013
1679 2755 2390
496 5139 9250
2297 7029 305
345 1215 5326
1194 8591 3043
2266 176 9535
3339 286 9819
110 2744 165
3516 2724 8813
5795 8045 858
519 1109 1321
4559 6972 8509
4017 7356 4136
6800 5984 651
4076 4593 4006
7120 7787 7180
2477 6380 1624
703 7768 675
5011 3771 9167
398 8361 9265
2044 6149 8485
7546 6127 5442
1257 3822 5813
7351 81 4929
7967 5146 7827
811 1984 3799
4373 3862 9284
5816 411 326
8076 6346 9653
7994 1205 5254
2216 3322 4395
6039 8569 935
9506 4422 6383
572 4612 701
8395 3118 2103
8942 2563 5299
2130 282 8795
5294 2605 4471
768 5851 1617
6097 288 2520
3229 8099 3377
8227 8039 6074
6796 3099 363
211 1641 5246
3611 4950 4639
1806 5269 6842
8653 1727 1618
1535 9877 428
8243 374 8508
793 9441 509
2724 8542 919
6673 1288 3829
6086 5111 4789
5654 8629 8449
8307 2216 1706
950 8273 4640
3656 2283 1856
6125 2263 305
9274 2487 253
6776 3127 2087
9999 7944 6242
455 2685 8408
6319 5100 9056
5315 4239 7895
5255 8938 9630
2681 1378 1806
7760 7826 656
1161 8210 7933
4991 2649 4242
7899 2015 5560
3340 6255 855
71 2313 2455
5197 7661 1876
4891 2107 2166
5199 8912 2219
1172 2549 8488
3571 7758 8222
5251 4511 1829
7431 652 9195
699 4867 7358
4104 1069 9841
466 5278 9112
1415 9178 4442
8487 6757 8412
5041 6156 7790
1004 8051 4344
5984 6601 5578
1294 2084 7831
3424 5746 5692
1199 612 4371
1305 295 9181
4576 7005 8721
2878 591 7921
9525 4666 3572
4505 5989 5064
9385 4965 7974
1245 1805 5303
9109 4862 8218
1838 9690 2155
5119 1142 549
5156 6888 2073
7647 8163 1513
1192 5661 6205
6115 737 3903
8376 3589 7878
307 1261 1731
8042 5122 2380
6600 2323 7685
3527 7640 3869
1985 6486 3560
8382 8621 611
4785 2990 6319
230 9774 5213
5524 6921 2303
9902 5924 9100
7848 6083 4697
8418 857 5637
9253 4764 409
3610 1890 3849
1984 6335 1845
7694 1603 8463
9394 4938 7910
1005 4718 5583
8649 1089 5959
2385 4616 2751
6232 1392 8113
2013 2080 4899
3265 1968 7615
5492 5666 6646
9170 4452 1454
5757 7899 6374
6716 7180 1967
735 6652 368
2754 977 7122
7295 8676 6307
6295 4990 8678
9125 314 8839
498 4774 8766
6851 7250 5450
3433 3661 6556
2424 7859 7016
1984 8615 6055
4014 8855 8009
9188 3692 9077
1428 3870 4285
6032 2566 3892
2386 1381 604
74 5117 3112
3987 2187 164
1174 1017 1707
569 6205 8436
5259 9535 2971
1530 943 7662
3864 5877 5292
892 8303 4679
1735 1728 2742
2449 7272 6307
1196 1750 9944
9682 965 3123
4435 7391 8377
5126 5411 5264
917 8859 6555
3859 8466 6022
5160 3269 6982
1922 9762 247
9320 557 7721
213 4169 9118
6842 8188 3717
1212 3871 6757
7459 174 9723
9606 4875 6203
4687 2091 7558
1941 9664 7843
2045 1251 1118
7963 550 4547
700 2869 6987
7150 4053 7842
2500 3140 6323
588 3271 5899
1030 3606 8348
3305 2810 5188
9899 6466 8317
1845 9168 572
1343 4933 1557
7403 6455 5319
3737 616 2290
9935 3191 800
1593 3632 7808
8024 2743 7846
8455 9271 7521
2884 4504 7026
1770 882 6939
1916 2006 65
2848 2283 8897
4175 817 8451
2970 894 1887
8875 3726 985
268 8879 9191
1349 2518 853
917 8187 1073
5814 8078 4756
7451 1546 7984
6263 5463 1291
6687 5977 1882
306 172 7450
2381 3863 9392
1167 7172 9942
5812 2866 2051
9779 8797 1208
2471 1652 1729
7143 7196 5508
2656 3069 5538
3426 7849 972
6439 5406 1920
8020 3609 1456
9096 9468 5835
2425 8612 122
6880 4607 1601
3549 2172 5682
352 7110 4804
7851 9379 8605
8867 2122 2615
889 4996 7688
9369 5781 2335
5042 6967 1084
8785 5482 4608
2243 1206 2888
5978 9904 8953
8304 5751 8307
6409 7029 7961
7699 2831 8754
5843 3770 5158
5978 7295 3262
2707 2938 8329
3232 1596 300
773 2041 2224
4011 4490 4448
2793 6087 3770
2928 917 6636
7938 777 8632
8050 2653 8072
9458 1074 9177
2195 5587 127
9145 8916 6849
718 1058 9762
4164 6776 1985
6977 4922 1605
7070 6527 9156
8350 8430 9768
2659 1554 1147
9135 7623 8468
2390 9773 2707
8932 7981 6273
3939 8646 5834
3032 1776 7213
9965 1872 1485
3850 5114 5660
4696 1940 8455
7287 6535 1498
559 5741 7475
709 4439 8212
9199 4561 2061
3563 2958 1084
1400 8460 5499
4928 1961 1065
4200 3246 7998
6136 978 1931
2659 7078 16
6097 6358 8369
967 2204 8754
9851 2724 3630
4657 1848 7909
866 717 2185
1239 935 4657
6814 1523 5095
6289 1095 3184
4284 8656 7486
1563 9685 1285
4962 6175 2561
744 4243 7227
4338 237 5843
1942 1721 4718
541 9808 5708
5398 2063 8169
2056 753 4988
4773 9061 7273
1479 2915 8730
8747 924 3662
9566 1818 3962
1879 1697 7656
4981 6058 8323
6402 1153 9963
2087 8087 2090
4156 140 9013
1605 9484 7133
1533 6704 9510
525 296 4257
2695 1331 8391
7049 3668 2287
7543 711 5427
9571 9207 721
9711 8371 6623
9665 7796 8181
6007 4365 11
7304 4162 5666
8806 1785 1090
1280 3202 5919
7670 684 4184
9776 1016 9292
2243 5118 3143
1055 7469 8593
2529 4433 6403
6955 1676 4
6043 6391 1328
3595 4109 3062
3141 8319 2111
6275 5125 869
3115 990 8635
8468 9689 6388
7835 3918 6021
8055 5760 4525
2072 8581 832
215 4152 2041
3738 4487 424
2218 1917 8844
214 9840 5174
84 495 9976
4352 455 4194
2512 9359 7293
1108 5373 3368
23 371 411
9463 8164 7362
9525 3398 6703
8652 3678 2968
7406 1779 1333
8952 9242 6362
2784 6411 699
7410 5198 1092
620 3941 9986
2939 6061 8224
1105 8213 2304
4932 1468 6956
4403 4878 3290
4526 895 2629
4645 930 6740
8834 9580 4153
5048 8263 1894
9932 4647 6954
1658 7154 9250
7540 2230 2164
4594 3172 2600
3511 8287 5311
5355 1693 8715
8516 1913 1827
2622 7546 1508
6111 2448 4370
9146 850 1057
8660 1604 2979
1799 52 8184
5950 5355 7203
797 3990 223
445 6281 8189
5566 8621 8926
3003 1961 1758
6543 1751 9020
838 1860 3929
940 116 5158
9093 7665 1797
8431 5256 5068
1043 1009 8674
8018 3883 2084
2295 1201 5184
445 8 98
709 7300 2665
5280 5977 1264
3000 1112 6972
8787 2259 3371
1863 4619 6064
6391 5127 9913
625 5521 1092
2069 2594 9149
7267 4158 656
3289 4883 6330
1751 7912 6163
2145 9393 5199
3187 2039 3117
9995 855 7455
7611 9049 6047
4701 1200 531
369 6320 9882
3441 9246 1352
5528 6259 5781
5465 9576 405
9392 1515 7803
627 3833 3391
6059 1285 2233
2234 2953 1298
4432 2998 8952
2028 1458 4454
14 4506 743
4478 744 6622
2436 2841 3070
4163 9351 8886
3719 8446 3680
9286 4801 9937
5779 7521 7997
5733 7078 9860
1145 7313 5614
9870 4941 2816
9246 3101 1327
5571 2678 4996
3393 8245 4422
6865 2423 1564
6641 2147 7448
8054 3367 2034
8223 8657 8329
981 1938 3774
2332 3094 2400
4865 3815 8015
5638 1130 8440
1737 4507 1046
9633 3983 6641
9004 2373 8396
273 1708 5052
178 4813 790
8132 2328 1327
1379 6544 9538
9837 1563 2197
9232 6446 9145
4424 8403 795
8673 3191 8870
9469 1089 5511
1332 4524 6042
3053 5340 7681
6200 3489 2756
1266 7436 3831
1845 6212 6589
4226 9979 9516
4467 5996 5734
4612 2644 9860
8558 9858 827
2769 7642 9435
9746 6775 5198
9712 5719 1105
1952 718 3947
9591 9622 4718
746 382 7963
7230 2834 6677
4590 4019 4306
8167 7473 6011
8985 5747 8733
903 9430 6036
1370 3708 7306
4802 288 95
8077 8002 954
8773 7753 2499
7068 4475 7165
1118 9937 333
8736 5173 2207
558 7642 1035
1191 301 1851
9217 5733 2765
8297 9734 5250
6603 3481 3530
1276 497 5141
1391 8647 7303
2190 7330 2414
2303 645 8961
6133 2026 8510
5254 7162 8801
1960 3752 3809
451 5001 6132
4624 142 3223
8492 1879 1277
2524 104 445
1606 913 2984
4267 6786 5726
698 8473 6897
531 4715 3385
1060 1971 8435
339 9810 9489
1644 4120 5505
552 6626 7026
7429 925 9294
8502 8669 1517
407 1752 7629
320 7903 1696
9304 1364 722
7375 1114 3676
8778 4872 3323
1765 7731 883
8817 6143 4103
8324 9524 3454
4038 7287 1475
2864 8712 9762
3026 8671 4587
9529 8642 265
861 2220 9191
472 1494 3980
7506 6148 2193
3945 4190 608
4895 8964 9038
9817 1164 7263
5407 8727 5975
6308 7769 6951
6735 7715 4673
9498 8766 2543
7178 9633 4458
6236 2384 14
4134 2468 21
4936 5596 5832
639 6812 3182
5769 2324 2089
7987 4715 3837
6985 8780 486
7016 4782 173
6292 8950 9581
566 8882 7170
990 880 9842
7076 1493 7443
6983 597 4539
270 8695 7432
4284 7348 752
7455 2049 6553
803 8808 1676
4767 8301 4089
2699 9255 6830
36 8391 3585
4890 7773 6126
2965 8250 294
304 2781 6514
2569 7612 7091
2573 2638 9770
2593 9919 5666
6944 2258 5827
385 1849 3285
2666 8023 3494
8265 835 9897
9941 8449 3467
6777 8803 3139
4074 2381 1908
1952 7254 671
7084 2050 9386
2112 7313 3912
4766 5124 8762
5621 7486 3655
9382 6889 4110
7545 6409 4903
1693 1036 3839
8991 240 9958
3706 1712 105
1458 6307 8264
4711 4862 1273
9026 1219 7782
2086 2272 580
2626 5943 1215
5360 2542 6220
9635 3123 1076
5431 9227 4666
7569 8059 548
7393 6197 267
1351 8242 1724
2923 9286 5420
9261 1540 1486
333 7648 6566
145 6441 5726
3379 2562 1963
8751 2673 7081
3986 1203 2701
878 715 5859
5107 2726 5364
5127 7130 5371
7789 2392 186
8564 1407 7681
4636 6312 861
7497 4354 443
4151 5079 703
7242 8924 7300
6354 3522 2005
4673 7874 2918
9915 1110 1387
2802 5620 7780
6625 3911 989
4281 421 8380
1255 8101 2053
1680 6054 893
6357 1403 4835
9328 8473 718
5273 6514 3236
1992 6271 6221
7049 7995 6980
779 5073 621
648 6586 3063
4996 6433 5992
487 2516 9040
8190 1739 4712
7622 3009 9078
8943 5113 8514
9223 6340 7452
5268 4892 4262
1373 3688 16
1111 2326 9458
5468 1997 6728
1964 7207 1768
5643 9435 1139
3496 5388 7017
6382 9352 3625
4029 9088 479
8154 2372 1940
4282 9305 8510
7432 3600 1215
2901 8543 7920
7189 1221 7471
8716 8395 5731
9030 2492 2022
1536 4903 8105
9189 8875 4064
1901 2297 217
1320 463 9862
4803 354 895
6555 6204 8093
7548 6906 1086
3612 3664 4030
1753 519 4066
1208 6631 4959
7786 3613 6359
5431 3573 355
9453 5905 2073
9273 1147 3543
1021 2688 2161
1883 6594 2331
7157 6946 1320
7161 7928 5422
1469 1662 6224
7943 2839 1753
3103 6167 8916
4160 4687 9212
6928 7057 6899
1180 6408 2068
8642 3588 6844
115 4967 7627
9675 7168 718
4127 2694 7899
1744 620 6818
6303 6935 7611
8563 7639 4984
7509 1209 989
8910 2798 5638
4020 7996 1145
9329 5602 1662
2123 295 3879
7905 6198 9083
6242 6786 2609
9891 1592 8842
2306 3075 1574
1209 2988 3501
261 97 7526
6173 1597 9195
1107 4203 4227
7514 6273 378
2203 8653 943
3540 2270 8115
9893 7827 2135
8568 6488 5396
4502 1392 5558
5961 1271 4146
5903 8656 3747
9374 5036 2136
3652 1789 6359
3098 8921 8857
3483 1454 8839
9665 6380 1948
6311 6902 221
2325 2073 9817
4401 434 8382
9561 1904 6317
2773 9689 5486
9296 4306 4492
4246 5316 9465
719 6370 4296
5898 5119 8913
9576 9883 9767
3126 5156 810
5264 5149 1354
685 7597 580
7731 1540 2141
2089 7336 1919
5088 9232 6662
877 5768 9638
7047 456 6087
7321 5745 5685
1857 678 2406
1587 101 8712
6010 9896 5599
4616 6044 4480
2284 7624 3220
5015 388 6072
2862 6432 2613
4699 732 3423
3209 6613 1018
984 8541 2692
2423 889 494
7816 1674 375
2356 3495 1619
2130 5526 5015
2642 135 7564
5429 2630 9163
2485 3026 3565
8670 609 2283
5752 1224 3753
9790 8804 7284
2038 4330 6987
4085 441 6872
5285 74 1532
7904 598 3689
1296 1953 5285
6206 4902 2257
9370 9834 8012
5812 762 5635
3495 740 9172
6293 4028 5765
4333 8524 5556
1382 7420 7166
2509 2549 5203
3626 5939 3494
7533 3478 7153
7489 458 4183
1842 3673 9407
6666 1772 9270
890 4502 3472
6131 2711 1663
2063 4822 3888
222 2436 8596
6616 4750 7200
7061 6810 4141
4433 9124 8510
8662 3204 5659
2536 7434 6472
3603 9152 322
7203 7452 9978
4321 520 2874
9592 4158 1107
1988 4402 833
1042 1840 7268
3545 1944 9067
2308 2138 3651
9248 8353 2956
4783 4187 9952
1203 7425 1571
6520 2492 5730
865 1936 1547
8994 5462 9006
4390 3048 3212
2397 685 281
6000 8040 218
1103 8152 7318
2777 1835 8390
3389 1103 8622
5542 80 906
6646 4405 924
3118 7413 1993
8560 44 2730
3979 6119 8465
2225 6422 5044
279 7899 5376
3567 5228 434
4171 4282 3093
5009 2200 5918
575 3908 3110
7124 9366 2156
4529 518 3173
9237 4243 5707
1080 7172 8583
5893 3513 9912
1526 3576 1995
6660 3279 8285
8351 6448 7905
3528 5823 6978
3634 9740 3691
1231 5026 404
1278 2521 2730
4956 177 3413
5763 8177 5037
2780 553 6496
454 1540 2117
8167 2849 2638
6915 4301 6563
8760 6579 505
7287 7621 8476
2921 2733 6400
5874 4361 4280
1323 1569 9864
4387 786 3920
4828 2465 6090
2947 4835 1230
2239 1005 287
2799 749 788
3524 8923 2206
4933 5779 9505
2894 874 3973
1010 6625 9451
1319 2352 986
264 5133 2606
1891 2529 2406
1324 9713 2711
2083 8809 6830
7448 2058 3675
3688 7769 1068
9985 8554 8625
2271 6372 3768
2283 1200 8384
3279 477 429
9647 7 5334
3867 2665 6960
9092 2775 6979
8510 6860 2621
4414 1530 8215
3483 9186 1931
8028 3550 5325
967 2527 788
6428 56 2514
6118 5737 2956
6712 7019 487
9138 3367 6196
654 384 8618
2918 1139 6184
5243 7860 296
5018 5464 4155
5976 4797 99
6323 7076 7834
729 1726 8382
6588 4216 8977
6685 3652 1302
478 8310 7965
2080 8225 6452
9018 7039 4938
3984 9749 7776
2420 5261 7370
1631 1553 2567
9382 2586 9006
7333 6174 9300
8894 2817 7029
101 4294 6926
5818 2145 8080
6721 6627 6491
2029 5429 8344
2266 3291 2036
3999 2737 7952
838 1117 7306
2747 2121 1626
2452 7192 273
8232 5227 161
494 66 1249
5325 4887 8541
819 7746 3968
