15
3 9 3 8 3 12 7 6 6 1 5 7 2 12 15 
6
1 3 5 4 6 3 
13
4 12 7 8 13 9 4 11 5 10 5 6 7 
6
4 4 3 2 5 3 
10
7 10 5 9 10 1 1 8 8 10 
12
9 1 6 3 2 3 12 4 7 6 10 10 
5
5 4 4 1 1 
8
7 2 6 3 1 4 7 5 
3
2 3 3 
8
1 4 5 6 6 4 5 4 
11
7 4 7 1 8 4 1 8 2 4 9 
3
3 3 1 
15
4 15 15 12 13 7 15 4 13 14 6 3 5 14 5 
14
4 2 14 8 1 8 14 4 2 11 12 6 10 6 
7
4 1 1 5 4 2 7 
3
2 2 3 
11
4 9 11 2 10 8 10 8 8 4 11 
15
12 7 7 3 9 10 1 6 12 13 6 4 2 6 13 
10
7 3 10 7 8 1 7 6 4 1 
14
2 1 5 10 4 10 13 10 8 7 7 2 13 3 
4
3 3 2 1 
4
2 1 3 4 
11
4 4 2 3 2 10 7 4 5 7 7 
13
13 8 5 4 9 6 5 4 1 4 13 7 1 
4
3 4 3 2 
15
7 4 13 15 1 1 8 10 12 10 14 9 9 14 6 
9
7 7 7 9 3 1 1 4 3 
11
1 4 9 1 2 8 3 10 7 5 7 
10
8 8 9 8 4 5 1 1 3 7 
2
2 2 
4
4 2 3 4 
5
4 4 5 3 3 
6
2 5 3 1 1 6 
12
4 11 3 3 9 11 7 7 1 3 2 6 
7
2 7 1 7 3 5 3 
8
8 7 5 3 5 1 5 1 
5
5 3 4 5 2 
2
2 1 
14
4 8 4 8 7 10 12 7 14 1 9 9 2 2 
1
1 
8
7 5 3 7 1 5 3 3 
2
1 1 
14
13 11 3 6 12 8 13 8 4 3 5 4 10 14 
9
4 5 9 6 8 8 7 4 3 
12
3 11 5 3 7 6 8 4 5 3 9 6 
2
2 1 
9
1 4 7 9 4 8 2 1 5 
13
9 11 7 2 5 4 6 12 10 13 2 7 9 
12
6 8 5 9 3 10 8 7 1 8 12 11 
9
5 3 8 2 8 7 1 7 6 
