2
2 10000000000
10000000000 10000000000 
3 10000000000
10000000000 10000000000 10000000000 
4 10000000000
10000000000 10000000000 10000000000 10000000000 
5 10000000000
10000000000 10000000000 10000000000 10000000000 10000000000 
6 10000000000
10000000000 10000000000 10000000000 10000000000 10000000000 10000000000 
7 10000000000
10000000000 10000000000 10000000000 10000000000 10000000000 10000000000 10000000000 
8 10000000000
10000000000 10000000000 10000000000 10000000000 10000000000 10000000000 10000000000 10000000000 
9 10000000000
10000000000 10000000000 10000000000 10000000000 10000000000 10000000000 10000000000 10000000000 10000000000 
10 10000000000
10000000000 10000000000 10000000000 10000000000 10000000000 10000000000 10000000000 10000000000 10000000000 10000000000 
11 10000000000
10000000000 10000000000 10000000000 10000000000 10000000000 10000000000 10000000000 10000000000 10000000000 10000000000 10000000000 
