41
18467 6334
26500 19169
15724 11478
29358 26962
24464 5705
28145 23281
16827 9961
2995 491
11942 4827
32391 5436
14604 3902
292 153
17421 12382
19718 18716
19895 5447
21726 14771
11538 1869
25667 19912
26299 17035
28703 9894
31322 23811
30333 17673
15141 4664
28253 7711
25547 6868
32662 27644
32757 20037
12859 8723
27529 9741
12316 778
22190 3035
1842 288
30106 9040
19264 8942
27446 22648
23805 15890
24370 6729
15350 15006
31101 24393
19629 3548
24084 12623
