41
6334 18467
19169 26500
11478 15724
26962 29358
5705 24464
23281 28145
9961 16827
491 2995
4827 11942
5436 32391
3902 14604
153 292
12382 17421
18716 19718
5447 19895
14771 21726
1869 11538
19912 25667
17035 26299
9894 28703
23811 31322
17673 30333
4664 15141
7711 28253
6868 25547
27644 32662
20037 32757
8723 12859
9741 27529
778 12316
3035 22190
288 1842
9040 30106
8942 19264
22648 27446
15890 23805
6729 24370
15006 15350
24393 31101
3548 19629
12623 24084
