197 192 190
15 108
179 76
17 48
65 102
83 39
161 45
4 121
86 39
131 166
99 54
124 27
54 3
121 3
152 65
86 167
22 100
33 4
176 6
51 196
107 90
37 27
134 193
147 22
34 37
143 88
90 25
114 143
27 191
102 178
58 143
104 36
46 92
39 177
97 45
175 7
134 167
186 26
118 91
47 107
127 145
195 19
169 67
118 151
60 175
88 74
120 191
109 165
85 103
100 182
147 33
144 40
2 132
65 75
25 68
182 152
168 135
126 140
4 46
49 20
176 136
93 99
129 157
22 170
62 122
154 164
154 56
159 112
143 27
186 167
50 126
77 20
63 159
115 67
160 164
86 139
102 134
40 187
49 17
159 110
138 71
32 51
82 191
162 27
173 106
149 25
188 182
44 53
143 115
75 105
81 116
2 138
8 41
127 56
14 44
165 107
114 197
157 195
146 77
177 121
139 129
145 129
113 144
137 58
61 15
118 97
130 120
38 138
116 164
149 129
164 117
39 80
72 151
34 20
184 13
96 125
141 43
142 148
69 6
162 187
58 51
65 95
144 180
18 95
68 181
167 106
19 194
15 52
169 1
21 67
125 117
65 136
129 10
87 197
168 7
142 28
13 162
79 112
145 96
163 15
79 88
76 53
85 90
105 56
91 81
79 171
197 143
110 128
108 152
84 34
114 181
18 83
146 52
150 93
147 115
63 181
6 138
36 46
183 96
101 76
176 135
50 132
37 115
62 100
25 101
134 94
85 107
176 33
158 129
81 63
2 99
46 160
39 37
8 177
89 65
56 23
2 61
154 38
175 172
94 155
75 30
51 159
92 183
147 8
114 183
70 71
84 71
34 78
63 41
58 151
105 69
130 63
129 86
56 62 900000002
149 19 900000008
134 25 900000089
28 10 900000082
188 79 900000029
60 150 900000095
86 139 900000060
149 179 900000035
58 43 900000054
187 61 900000082
76 116 900000095
91 68 900000001
28 157 900000091
36 141 900000042
37 131 900000048
176 191 900000005
5 79 900000069
65 183 900000056
181 44 900000011
169 33 900000061
87 64 900000052
23 155 900000034
173 138 900000009
107 173 900000015
51 12 900000016
73 144 900000019
3 148 900000025
27 15 900000055
32 152 900000013
36 123 900000058
99 12 900000066
37 34 900000090
42 163 900000086
160 72 900000097
23 78 900000055
17 150 900000091
157 108 900000052
179 134 900000097
142 122 900000015
192 157 900000060
33 58 900000067
135 95 900000030
150 92 900000004
150 10 900000028
81 186 900000099
23 158 900000063
65 118 900000075
13 55 900000054
172 196 900000011
45 146 900000054
39 134 900000048
45 28 900000094
194 177 900000082
110 129 900000068
54 12 900000073
76 188 900000009
6 55 900000046
196 23 900000014
82 150 900000016
89 194 900000065
55 36 900000075
188 36 900000061
64 32 900000065
141 98 900000024
31 151 900000037
105 29 900000058
140 187 900000083
51 186 900000064
16 26 900000050
132 71 900000010
152 81 900000003
109 71 900000048
92 91 900000077
11 34 900000093
15 64 900000076
30 125 900000079
35 67 900000011
6 118 900000001
196 89 900000003
141 24 900000031
83 131 900000035
169 42 900000017
94 90 900000022
6 56 900000032
15 70 900000021
130 99 900000009
77 89 900000057
167 50 900000012
47 48 900000088
106 189 900000052
38 30 900000069
51 2 900000068
90 95 900000009
66 56 900000057
31 26 900000042
60 111 900000095
169 188 900000032
148 113 900000082
2 159 900000063
142 24 900000028
20 17 900000035
29 67 900000040
79 156 900000043
174 177 900000021
83 11 900000015
62 70 900000006
96 42 900000072
21 189 900000025
148 146 900000018
126 47 900000055
95 66 900000019
94 94 900000044
49 172 900000049
99 104 900000054
159 143 900000045
4 7 900000095
156 58 900000012
57 34 900000054
114 182 900000033
44 110 900000090
195 161 900000077
165 57 900000066
157 105 900000075
108 159 900000011
192 121 900000089
88 80 900000095
10 38 900000079
170 94 900000075
80 163 900000016
136 162 900000065
193 159 900000051
119 126 900000009
139 42 900000084
45 149 900000066
54 99 900000030
9 187 900000043
167 196 900000059
141 125 900000006
149 7 900000009
97 98 900000087
155 50 900000098
175 168 900000011
11 65 900000077
148 109 900000089
5 119 900000011
136 127 900000083
148 52 900000056
154 148 900000091
11 100 900000094
31 196 900000097
168 109 900000092
69 87 900000008
52 53 900000014
76 156 900000035
8 116 900000033
38 54 900000098
13 158 900000077
139 70 900000001
193 36 900000098
56 22 900000084
169 189 900000023
135 17 900000020
27 68 900000036
180 144 900000003
4 107 900000092
99 144 900000032
167 112 900000072
45 53 900000071
71 48 900000036
151 59 900000027
186 31 900000033
133 121 900000003
165 147 900000000
9 85 900000050
160 45 900000094
77 143 900000095
4 69 900000036
87 69 900000026
152 139 900000059
99 49 900000079
67 37 900000082
180 169 900000065
112 93 900000032
112 101 900000053
166 63 900000060
174 96 900000090
83 99 900000088
60 141 900000035
133 95 900000086
12 193 900000038
